
------------------------------------------------------------------- 
PBloc: 0 0 0 0 0 0 0 0 0 0 0 0 0 0 0 0 0 0 0 0 0 0 0 0 

Green [kW]: 22.7043 16.7951 10.5904 10.5985 19.7883 10.6446 17.7287 39.3393 63.0072 76.6242 195.753 160.229 154.232 149.182 157.983 173.042 188.364 178.846 174.721 141.729 122.312 178.723 246.825 214.798 

Brown [kW]: 117.463 84.6481 55.5696 58.8313 90.9718 59.4684 36.936 33.4726 51.2298 59.5631 155.567 149.626 120.211 131.129 129.33 148.19 166.028 152.338 142.515 123.306 100.642 154.55 219.861 187.908 

Transport [kW]: 446.489 328.18 214.629 225.63 347.586 221.95 180.439 253.204 365.246 447.154 1120.7 994.699 904.994 904.725 942.405 1044.83 1133.75 1067.7 1027.34 873.89 721.287 1071.48 1492.97 1287.32 

EDFA [kW]: 126.569 94.3279 60.7909 65.2402 97.8695 62.9412 51.9629 76.3242 103.336 126.185 311.794 281.651 259.22 252.032 268.117 294.395 318.385 298.325 288.237 249.223 202.988 299.673 415.962 358.123 

Processing [kW]: 319.921 233.852 153.838 160.39 249.716 159.009 128.476 176.88 261.91 320.969 808.909 713.049 645.775 652.692 674.288 750.435 815.367 769.379 739.098 624.667 518.299 771.808 1077.01 929.2 

C02comp [Kg]: 26.7815 19.2998 12.6699 13.4135 20.7416 13.5588 8.42142 7.63176 11.6804 13.5804 35.4692 34.1148 27.4081 29.8975 29.4872 33.7874 37.8544 34.7331 32.4934 28.1137 22.9464 35.2375 50.1282 42.8429 

CO2trans [Kg]: 101.8 74.8251 48.9354 51.4436 79.2495 50.6047 41.1401 57.7306 83.276 101.951 255.52 226.791 206.339 206.277 214.868 238.221 258.495 243.437 234.232 199.247 164.453 244.298 340.398 293.51 

CO2tot [Kg]: 128.581 94.1248 61.6053 64.8571 99.9911 64.1635 49.5615 65.3623 94.9564 115.531 290.989 260.906 233.747 236.175 244.355 272.009 296.35 278.17 266.726 227.361 187.4 279.535 390.526 336.353 

carico: 5.43235e-312 5.43235e-312 5.43235e-312 5.43235e-312 5.43235e-312 5.43235e-312 5.43235e-312 5.43235e-312 5.43235e-312 5.43235e-312 5.43235e-312 5.43235e-312 5.43235e-312 0.000507593 0.000507593 0.000507593 0.000507593 0.000507593 0.000507593 0.000477236 0.000477236 0.000477236 0.000477236 0.000477236 
------------------------------------------------------------------- 
PBloc: 0 0 0 0 0 0 0 0 0 0 0 0 0 0 0 0 0 0 0 0 0 0 0 0 

Green [kW]: 22.7043 16.7951 10.5904 10.5985 19.7883 10.6446 17.7287 39.3393 63.0072 76.6242 195.753 160.229 154.232 149.182 157.983 173.042 188.364 178.846 174.721 141.729 122.312 178.723 246.825 214.798 

Brown [kW]: 117.463 84.6481 55.5696 58.8313 90.9718 59.4684 36.936 33.4726 51.2298 59.5631 155.567 149.626 120.211 131.129 129.33 148.19 166.028 152.338 142.515 123.306 100.642 154.55 219.861 187.908 

Transport [kW]: 446.489 328.18 214.629 225.63 347.586 221.95 180.439 253.204 365.246 447.154 1120.7 994.699 904.994 904.725 942.405 1044.83 1133.75 1067.7 1027.34 873.89 721.287 1071.48 1492.97 1287.32 

EDFA [kW]: 126.569 94.3279 60.7909 65.2402 97.8695 62.9412 51.9629 76.3242 103.336 126.185 311.794 281.651 259.22 252.032 268.117 294.395 318.385 298.325 288.237 249.223 202.988 299.673 415.962 358.123 

Processing [kW]: 319.921 233.852 153.838 160.39 249.716 159.009 128.476 176.88 261.91 320.969 808.909 713.049 645.775 652.692 674.288 750.435 815.367 769.379 739.098 624.667 518.299 771.808 1077.01 929.2 

C02comp [Kg]: 26.7815 19.2998 12.6699 13.4135 20.7416 13.5588 8.42142 7.63176 11.6804 13.5804 35.4692 34.1148 27.4081 29.8975 29.4872 33.7874 37.8544 34.7331 32.4934 28.1137 22.9464 35.2375 50.1282 42.8429 

CO2trans [Kg]: 101.8 74.8251 48.9354 51.4436 79.2495 50.6047 41.1401 57.7306 83.276 101.951 255.52 226.791 206.339 206.277 214.868 238.221 258.495 243.437 234.232 199.247 164.453 244.298 340.398 293.51 

CO2tot [Kg]: 128.581 94.1248 61.6053 64.8571 99.9911 64.1635 49.5615 65.3623 94.9564 115.531 290.989 260.906 233.747 236.175 244.355 272.009 296.35 278.17 266.726 227.361 187.4 279.535 390.526 336.353 

carico: 4.79566e-306 4.79566e-306 4.79566e-306 4.79566e-306 4.79566e-306 4.79566e-306 4.79566e-306 4.79566e-306 4.79566e-306 4.79566e-306 4.79566e-306 4.79566e-306 4.79566e-306 0.000507593 0.000507593 0.000507593 0.000507593 0.000507593 0.000507593 0.000477236 0.000477236 0.000477236 0.000477236 0.000477236 
------------------------------------------------------------------- 
PBloc: 0 0 0 0 0 0 0 0 0 0 0 0 0 0 0 0 0 0 0 0 0 0 0 0 

Green [kW]: 22.7043 16.7951 10.5904 10.5985 19.7883 10.6446 17.7287 39.3393 63.0072 76.6242 195.753 160.229 154.232 149.182 157.983 173.042 188.364 178.846 174.721 141.729 122.312 178.723 246.825 214.798 

Brown [kW]: 117.463 84.6481 55.5696 58.8313 90.9718 59.4684 36.936 33.4726 51.2298 59.5631 155.567 149.626 120.211 131.129 129.33 148.19 166.028 152.338 142.515 123.306 100.642 154.55 219.861 187.908 

Transport [kW]: 446.489 328.18 214.629 225.63 347.586 221.95 180.439 253.204 365.246 447.154 1120.7 994.699 904.994 904.725 942.405 1044.83 1133.75 1067.7 1027.34 873.89 721.287 1071.48 1492.97 1287.32 

EDFA [kW]: 126.569 94.3279 60.7909 65.2402 97.8695 62.9412 51.9629 76.3242 103.336 126.185 311.794 281.651 259.22 252.032 268.117 294.395 318.385 298.325 288.237 249.223 202.988 299.673 415.962 358.123 

Processing [kW]: 319.921 233.852 153.838 160.39 249.716 159.009 128.476 176.88 261.91 320.969 808.909 713.049 645.775 652.692 674.288 750.435 815.367 769.379 739.098 624.667 518.299 771.808 1077.01 929.2 

C02comp [Kg]: 26.7815 19.2998 12.6699 13.4135 20.7416 13.5588 8.42142 7.63176 11.6804 13.5804 35.4692 34.1148 27.4081 29.8975 29.4872 33.7874 37.8544 34.7331 32.4934 28.1137 22.9464 35.2375 50.1282 42.8429 

CO2trans [Kg]: 101.8 74.8251 48.9354 51.4436 79.2495 50.6047 41.1401 57.7306 83.276 101.951 255.52 226.791 206.339 206.277 214.868 238.221 258.495 243.437 234.232 199.247 164.453 244.298 340.398 293.51 

CO2tot [Kg]: 128.581 94.1248 61.6053 64.8571 99.9911 64.1635 49.5615 65.3623 94.9564 115.531 290.989 260.906 233.747 236.175 244.355 272.009 296.35 278.17 266.726 227.361 187.4 279.535 390.526 336.353 

carico: 2.65675e-311 2.65675e-311 2.65675e-311 2.65675e-311 2.65675e-311 2.65675e-311 2.65675e-311 2.65675e-311 2.65675e-311 2.65675e-311 2.65675e-311 2.65675e-311 2.65675e-311 0.000507593 0.000507593 0.000507593 0.000507593 0.000507593 0.000507593 0.000477236 0.000477236 0.000477236 0.000477236 0.000477236 
------------------------------------------------------------------- 
PBloc: 0 0 0 0 0 0 0 0 0 0 0 0 0 0 0 0 0 0 0 0 0 0 0 0 

Green [kW]: 22.7043 16.7951 10.5904 10.5985 19.7883 10.6446 17.7287 39.3393 63.0072 76.6242 195.753 160.229 154.232 149.182 157.983 173.042 188.364 178.846 174.721 141.729 122.312 178.723 246.825 214.798 

Brown [kW]: 117.463 84.6481 55.5696 58.8313 90.9718 59.4684 36.936 33.4726 51.2298 59.5631 155.567 149.626 120.211 131.129 129.33 148.19 166.028 152.338 142.515 123.306 100.642 154.55 219.861 187.908 

Transport [kW]: 446.489 328.18 214.629 225.63 347.586 221.95 180.439 253.204 365.246 447.154 1120.7 994.699 904.994 904.725 942.405 1044.83 1133.75 1067.7 1027.34 873.89 721.287 1071.48 1492.97 1287.32 

EDFA [kW]: 126.569 94.3279 60.7909 65.2402 97.8695 62.9412 51.9629 76.3242 103.336 126.185 311.794 281.651 259.22 252.032 268.117 294.395 318.385 298.325 288.237 249.223 202.988 299.673 415.962 358.123 

Processing [kW]: 319.921 233.852 153.838 160.39 249.716 159.009 128.476 176.88 261.91 320.969 808.909 713.049 645.775 652.692 674.288 750.435 815.367 769.379 739.098 624.667 518.299 771.808 1077.01 929.2 

C02comp [Kg]: 26.7815 19.2998 12.6699 13.4135 20.7416 13.5588 8.42142 7.63176 11.6804 13.5804 35.4692 34.1148 27.4081 29.8975 29.4872 33.7874 37.8544 34.7331 32.4934 28.1137 22.9464 35.2375 50.1282 42.8429 

CO2trans [Kg]: 101.8 74.8251 48.9354 51.4436 79.2495 50.6047 41.1401 57.7306 83.276 101.951 255.52 226.791 206.339 206.277 214.868 238.221 258.495 243.437 234.232 199.247 164.453 244.298 340.398 293.51 

CO2tot [Kg]: 128.581 94.1248 61.6053 64.8571 99.9911 64.1635 49.5615 65.3623 94.9564 115.531 290.989 260.906 233.747 236.175 244.355 272.009 296.35 278.17 266.726 227.361 187.4 279.535 390.526 336.353 

carico: 5.43233e-312 5.43233e-312 5.43233e-312 5.43233e-312 5.43233e-312 5.43233e-312 5.43233e-312 5.43233e-312 5.43233e-312 5.43233e-312 5.43233e-312 5.43233e-312 5.43233e-312 0.000507593 0.000507593 0.000507593 0.000507593 0.000507593 0.000507593 0.000477236 0.000477236 0.000477236 0.000477236 0.000477236 
------------------------------------------------------------------- 
PBloc: 0 0 0 0 0 0 0 0 0 0 0 0 0 0 0 0 0 0 0 0 0 0 0 0 

Green [kW]: 0 0 0 0 0 0 0 0 0 0 0 0 0 0 0 0 0 0 0 0 0 0 0 0 

Brown [kW]: 0 0 0 0 0 0 0 0 0 0 0 0 0 0 0 0 0 0 0 0 0 0 0 0 

Transport [kW]: 0 0 0 0 0 0 0 0 0 0 0 0 0 0 0 0 0 0 0 0 0 0 0 0 

EDFA [kW]: 0 0 0 0 0 0 0 0 0 0 0 0 0 0 0 0 0 0 0 0 0 0 0 0 

Processing [kW]: 0 0 0 0 0 0 0 0 0 0 0 0 0 0 0 0 0 0 0 0 0 0 0 0 

C02comp [Kg]: 0 0 0 0 0 0 0 0 0 0 0 0 0 0 0 0 0 0 0 0 0 0 0 0 

CO2trans [Kg]: 0 0 0 0 0 0 0 0 0 0 0 0 0 0 0 0 0 0 0 0 0 0 0 0 

CO2tot [Kg]: 0 0 0 0 0 0 0 0 0 0 0 0 0 0 0 0 0 0 0 0 0 0 0 0 

carico: 0 0 0 0 0 0 0 0 0 0 0 0 0 0 0 0 0 0 0 0 0 0 0 0 
------------------------------------------------------------------- 
PBloc: 0 0 0 0 0 0 0 0 0 0 0 0 0 0 0 0 0 0 0 0 0 0 0 0 

Green [kW]: 0 0 0 0 0 0 0 0 0 0 0 0 0 0 0 0 0 0 0 0 0 0 0 0 

Brown [kW]: 0 0 0 0 0 0 0 0 0 0 0 0 0 0 0 0 0 0 0 0 0 0 0 0 

Transport [kW]: 0 0 0 0 0 0 0 0 0 0 0 0 0 0 0 0 0 0 0 0 0 0 0 0 

EDFA [kW]: 0 0 0 0 0 0 0 0 0 0 0 0 0 0 0 0 0 0 0 0 0 0 0 0 

Processing [kW]: 0 0 0 0 0 0 0 0 0 0 0 0 0 0 0 0 0 0 0 0 0 0 0 0 

C02comp [Kg]: 0 0 0 0 0 0 0 0 0 0 0 0 0 0 0 0 0 0 0 0 0 0 0 0 

CO2trans [Kg]: 0 0 0 0 0 0 0 0 0 0 0 0 0 0 0 0 0 0 0 0 0 0 0 0 

CO2tot [Kg]: 0 0 0 0 0 0 0 0 0 0 0 0 0 0 0 0 0 0 0 0 0 0 0 0 

carico: 0 0 0 0 0 0 0 0 0 0 0 0 0 0 0 0 0 0 0 0 0 0 0 0 
------------------------------------------------------------------- 
PBloc: 0 0 0 0 0 0 0 0 0 0 0 0 0 0 0 0 0 0 0 0 0 0 0 0 

Green [kW]: 0 0 0 0 0 0 0 0 0 0 0 0 0 0 0 0 0 0 0 0 0 0 0 0 

Brown [kW]: 0 0 0 0 0 0 0 0 0 0 0 0 0 0 0 0 0 0 0 0 0 0 0 0 

Transport [kW]: 0 0 0 0 0 0 0 0 0 0 0 0 0 0 0 0 0 0 0 0 0 0 0 0 

EDFA [kW]: 0 0 0 0 0 0 0 0 0 0 0 0 0 0 0 0 0 0 0 0 0 0 0 0 

Processing [kW]: 0 0 0 0 0 0 0 0 0 0 0 0 0 0 0 0 0 0 0 0 0 0 0 0 

C02comp [Kg]: 0 0 0 0 0 0 0 0 0 0 0 0 0 0 0 0 0 0 0 0 0 0 0 0 

CO2trans [Kg]: 0 0 0 0 0 0 0 0 0 0 0 0 0 0 0 0 0 0 0 0 0 0 0 0 

CO2tot [Kg]: 0 0 0 0 0 0 0 0 0 0 0 0 0 0 0 0 0 0 0 0 0 0 0 0 

carico: 0 0 0 0 0 0 0 0 0 0 0 0 0 0 0 0 0 0 0 0 0 0 0 0 
------------------------------------------------------------------- 
PBloc: 0 0 0 0 0 0 0 0 0 0 0 0 0 0 0 0 0 0 0 0 0 0 0 0 

Green [kW]: 0 0 0 0 0 0 0 0 0 0 0 0 0 0 0 0 0 0 0 0 0 0 0 0 

Brown [kW]: 0 0 0 0 0 0 0 0 0 0 0 0 0 0 0 0 0 0 0 0 0 0 0 0 

Transport [kW]: 0 0 0 0 0 0 0 0 0 0 0 0 0 0 0 0 0 0 0 0 0 0 0 0 

EDFA [kW]: 0 0 0 0 0 0 0 0 0 0 0 0 0 0 0 0 0 0 0 0 0 0 0 0 

Processing [kW]: 0 0 0 0 0 0 0 0 0 0 0 0 0 0 0 0 0 0 0 0 0 0 0 0 

C02comp [Kg]: 0 0 0 0 0 0 0 0 0 0 0 0 0 0 0 0 0 0 0 0 0 0 0 0 

CO2trans [Kg]: 0 0 0 0 0 0 0 0 0 0 0 0 0 0 0 0 0 0 0 0 0 0 0 0 

CO2tot [Kg]: 0 0 0 0 0 0 0 0 0 0 0 0 0 0 0 0 0 0 0 0 0 0 0 0 

carico: 0 0 0 0 0 0 0 0 0 0 0 0 0 0 0 0 0 0 0 0 0 0 0 0 
------------------------------------------------------------------- 
PBloc: 0 0 0 0 0 0 0 0 0 0 0 0 0 0 0 0 0 0 0 0 0 0 0 0 

Green [kW]: 0 0 0 0 0 0 0 0 0 0 0 0 0 0 0 0 0 0 0 0 0 0 0 0 

Brown [kW]: 0 0 0 0 0 0 0 0 0 0 0 0 0 0 0 0 0 0 0 0 0 0 0 0 

Transport [kW]: 0 0 0 0 0 0 0 0 0 0 0 0 0 0 0 0 0 0 0 0 0 0 0 0 

EDFA [kW]: 0 0 0 0 0 0 0 0 0 0 0 0 0 0 0 0 0 0 0 0 0 0 0 0 

Processing [kW]: 0 0 0 0 0 0 0 0 0 0 0 0 0 0 0 0 0 0 0 0 0 0 0 0 

C02comp [Kg]: 0 0 0 0 0 0 0 0 0 0 0 0 0 0 0 0 0 0 0 0 0 0 0 0 

CO2trans [Kg]: 0 0 0 0 0 0 0 0 0 0 0 0 0 0 0 0 0 0 0 0 0 0 0 0 

CO2tot [Kg]: 0 0 0 0 0 0 0 0 0 0 0 0 0 0 0 0 0 0 0 0 0 0 0 0 

carico: 0 0 0 0 0 0 0 0 0 0 0 0 0 0 0 0 0 0 0 0 0 0 0 0 
------------------------------------------------------------------- 
PBloc: 0 0 0 0 0 0 0 0 0 0 0 0 0 0 0 0 0 0 0 0 0 0 0 0 

Green [kW]: 0 0 0 0 0 0 0 0 0 0 0 0 0 0 0 0 0 0 0 0 0 0 0 0 

Brown [kW]: 0 0 0 0 0 0 0 0 0 0 0 0 0 0 0 0 0 0 0 0 0 0 0 0 

Transport [kW]: 0 0 0 0 0 0 0 0 0 0 0 0 0 0 0 0 0 0 0 0 0 0 0 0 

EDFA [kW]: 0 0 0 0 0 0 0 0 0 0 0 0 0 0 0 0 0 0 0 0 0 0 0 0 

Processing [kW]: 0 0 0 0 0 0 0 0 0 0 0 0 0 0 0 0 0 0 0 0 0 0 0 0 

C02comp [Kg]: 0 0 0 0 0 0 0 0 0 0 0 0 0 0 0 0 0 0 0 0 0 0 0 0 

CO2trans [Kg]: 0 0 0 0 0 0 0 0 0 0 0 0 0 0 0 0 0 0 0 0 0 0 0 0 

CO2tot [Kg]: 0 0 0 0 0 0 0 0 0 0 0 0 0 0 0 0 0 0 0 0 0 0 0 0 

carico: 0 0 0 0 0 0 0 0 0 0 0 0 0 0 0 0 0 0 0 0 0 0 0 0 
------------------------------------------------------------------- 
PBloc: 0 0 0 0 0 0 0 0 0 0 0 0 0 0 0 0 0 0 0 0 0 0 0 0 

Green [kW]: 0 0 0 0 0 0 0 0 0 0 0 0 0 0 0 0 0 0 0 0 0 0 0 0 

Brown [kW]: 0 0 0 0 0 0 0 0 0 0 0 0 0 0 0 0 0 0 0 0 0 0 0 0 

Transport [kW]: 0 0 0 0 0 0 0 0 0 0 0 0 0 0 0 0 0 0 0 0 0 0 0 0 

EDFA [kW]: 0 0 0 0 0 0 0 0 0 0 0 0 0 0 0 0 0 0 0 0 0 0 0 0 

Processing [kW]: 0 0 0 0 0 0 0 0 0 0 0 0 0 0 0 0 0 0 0 0 0 0 0 0 

C02comp [Kg]: 0 0 0 0 0 0 0 0 0 0 0 0 0 0 0 0 0 0 0 0 0 0 0 0 

CO2trans [Kg]: 0 0 0 0 0 0 0 0 0 0 0 0 0 0 0 0 0 0 0 0 0 0 0 0 

CO2tot [Kg]: 0 0 0 0 0 0 0 0 0 0 0 0 0 0 0 0 0 0 0 0 0 0 0 0 

carico: 0 0 0 0 0 0 0 0 0 0 0 0 0 0 0 0 0 0 0 0 0 0 0 0 
------------------------------------------------------------------- 
PBloc: 0 0 0 0 0 0 0 0 0 0 0 0 0 0 0 0 0 0 0 0 0 0 0 0 

Green [kW]: 0 0 0 0 0 0 0 0 0 0 0 0 0 0 0 0 0 0 0 0 0 0 0 0 

Brown [kW]: 0 0 0 0 0 0 0 0 0 0 0 0 0 0 0 0 0 0 0 0 0 0 0 0 

Transport [kW]: 0 0 0 0 0 0 0 0 0 0 0 0 0 0 0 0 0 0 0 0 0 0 0 0 

EDFA [kW]: 0 0 0 0 0 0 0 0 0 0 0 0 0 0 0 0 0 0 0 0 0 0 0 0 

Processing [kW]: 0 0 0 0 0 0 0 0 0 0 0 0 0 0 0 0 0 0 0 0 0 0 0 0 

C02comp [Kg]: 0 0 0 0 0 0 0 0 0 0 0 0 0 0 0 0 0 0 0 0 0 0 0 0 

CO2trans [Kg]: 0 0 0 0 0 0 0 0 0 0 0 0 0 0 0 0 0 0 0 0 0 0 0 0 

CO2tot [Kg]: 0 0 0 0 0 0 0 0 0 0 0 0 0 0 0 0 0 0 0 0 0 0 0 0 

carico: 0 0 0 0 0 0 0 0 0 0 0 0 0 0 0 0 0 0 0 0 0 0 0 0 
------------------------------------------------------------------- 
PBloc: 0 0 0 0 0 0 0 0 0 0 0 0 0 0 0 0 0 0 0 0 0 0 0 0 

Green [kW]: 0 0 0 0 0 0 0 0 0 0 0 0 0 0 0 0 0 0 0 0 0 0 0 0 

Brown [kW]: 0 0 0 0 0 0 0 0 0 0 0 0 0 0 0 0 0 0 0 0 0 0 0 0 

Transport [kW]: 0 0 0 0 0 0 0 0 0 0 0 0 0 0 0 0 0 0 0 0 0 0 0 0 

EDFA [kW]: 0 0 0 0 0 0 0 0 0 0 0 0 0 0 0 0 0 0 0 0 0 0 0 0 

Processing [kW]: 0 0 0 0 0 0 0 0 0 0 0 0 0 0 0 0 0 0 0 0 0 0 0 0 

C02comp [Kg]: 0 0 0 0 0 0 0 0 0 0 0 0 0 0 0 0 0 0 0 0 0 0 0 0 

CO2trans [Kg]: 0 0 0 0 0 0 0 0 0 0 0 0 0 0 0 0 0 0 0 0 0 0 0 0 

CO2tot [Kg]: 0 0 0 0 0 0 0 0 0 0 0 0 0 0 0 0 0 0 0 0 0 0 0 0 

carico: 0 0 0 0 0 0 0 0 0 0 0 0 0 0 0 0 0 0 0 0 0 0 0 0 
------------------------------------------------------------------- 
PBloc: 0 0 0 0 0 0 0 0 0 0 0 0 0 0 0 0 0 0 0 0 0 0 0 0 

Green [kW]: 0 0 0 0 0 0 0 0 0 0 0 0 0 0 0 0 0 0 0 0 0 0 0 0 

Brown [kW]: 0 0 0 0 0 0 0 0 0 0 0 0 0 0 0 0 0 0 0 0 0 0 0 0 

Transport [kW]: 0 0 0 0 0 0 0 0 0 0 0 0 0 0 0 0 0 0 0 0 0 0 0 0 

EDFA [kW]: 0 0 0 0 0 0 0 0 0 0 0 0 0 0 0 0 0 0 0 0 0 0 0 0 

Processing [kW]: 0 0 0 0 0 0 0 0 0 0 0 0 0 0 0 0 0 0 0 0 0 0 0 0 

C02comp [Kg]: 0 0 0 0 0 0 0 0 0 0 0 0 0 0 0 0 0 0 0 0 0 0 0 0 

CO2trans [Kg]: 0 0 0 0 0 0 0 0 0 0 0 0 0 0 0 0 0 0 0 0 0 0 0 0 

CO2tot [Kg]: 0 0 0 0 0 0 0 0 0 0 0 0 0 0 0 0 0 0 0 0 0 0 0 0 

carico: 0 0 0 0 0 0 0 0 0 0 0 0 0 0 0 0 0 0 0 0 0 0 0 0 
------------------------------------------------------------------- 
PBloc: 0 0 0 0 0 0 0 0 0 0 0 0 0 0 0 0 0 0 0 0 0 0 0 0 

Green [kW]: 0 0 0 0 0 0 0 0 0 0 0 0 0 0 0 0 0 0 0 0 0 0 0 0 

Brown [kW]: 0 0 0 0 0 0 0 0 0 0 0 0 0 0 0 0 0 0 0 0 0 0 0 0 

Transport [kW]: 0 0 0 0 0 0 0 0 0 0 0 0 0 0 0 0 0 0 0 0 0 0 0 0 

EDFA [kW]: 0 0 0 0 0 0 0 0 0 0 0 0 0 0 0 0 0 0 0 0 0 0 0 0 

Processing [kW]: 0 0 0 0 0 0 0 0 0 0 0 0 0 0 0 0 0 0 0 0 0 0 0 0 

C02comp [Kg]: 0 0 0 0 0 0 0 0 0 0 0 0 0 0 0 0 0 0 0 0 0 0 0 0 

CO2trans [Kg]: 0 0 0 0 0 0 0 0 0 0 0 0 0 0 0 0 0 0 0 0 0 0 0 0 

CO2tot [Kg]: 0 0 0 0 0 0 0 0 0 0 0 0 0 0 0 0 0 0 0 0 0 0 0 0 

carico: 0 0 0 0 0 0 0 0 0 0 0 0 0 0 0 0 0 0 0 0 0 0 0 0 
------------------------------------------------------------------- 
PBloc: 0 0 0 0 0 0 0 0 0 0 0 0 0 0 0 0 0 0 0 0 0 0 0 0 

Green [kW]: 0 0 0 0 0 0 0 0 0 0 0 0 0 0 0 0 0 0 0 0 0 0 0 0 

Brown [kW]: 0 0 0 0 0 0 0 0 0 0 0 0 0 0 0 0 0 0 0 0 0 0 0 0 

Transport [kW]: 0 0 0 0 0 0 0 0 0 0 0 0 0 0 0 0 0 0 0 0 0 0 0 0 

EDFA [kW]: 0 0 0 0 0 0 0 0 0 0 0 0 0 0 0 0 0 0 0 0 0 0 0 0 

Processing [kW]: 0 0 0 0 0 0 0 0 0 0 0 0 0 0 0 0 0 0 0 0 0 0 0 0 

C02comp [Kg]: 0 0 0 0 0 0 0 0 0 0 0 0 0 0 0 0 0 0 0 0 0 0 0 0 

CO2trans [Kg]: 0 0 0 0 0 0 0 0 0 0 0 0 0 0 0 0 0 0 0 0 0 0 0 0 

CO2tot [Kg]: 0 0 0 0 0 0 0 0 0 0 0 0 0 0 0 0 0 0 0 0 0 0 0 0 

carico: 0 0 0 0 0 0 0 0 0 0 0 0 0 0 0 0 0 0 0 0 0 0 0 0 
------------------------------------------------------------------- 
PBloc: 0 0 0 0 0 0 0 0 0 0 0 0 0 0 0 0 0 0 0 0 0 0 0 0 

Green [kW]: 0 0 0 0 0 0 0 0 0 0 0 0 0 0 0 0 0 0 0 0 0 0 0 0 

Brown [kW]: 0 0 0 0 0 0 0 0 0 0 0 0 0 0 0 0 0 0 0 0 0 0 0 0 

Transport [kW]: 0 0 0 0 0 0 0 0 0 0 0 0 0 0 0 0 0 0 0 0 0 0 0 0 

EDFA [kW]: 0 0 0 0 0 0 0 0 0 0 0 0 0 0 0 0 0 0 0 0 0 0 0 0 

Processing [kW]: 0 0 0 0 0 0 0 0 0 0 0 0 0 0 0 0 0 0 0 0 0 0 0 0 

C02comp [Kg]: 0 0 0 0 0 0 0 0 0 0 0 0 0 0 0 0 0 0 0 0 0 0 0 0 

CO2trans [Kg]: 0 0 0 0 0 0 0 0 0 0 0 0 0 0 0 0 0 0 0 0 0 0 0 0 

CO2tot [Kg]: 0 0 0 0 0 0 0 0 0 0 0 0 0 0 0 0 0 0 0 0 0 0 0 0 

carico: 0 0 0 0 0 0 0 0 0 0 0 0 0 0 0 0 0 0 0 0 0 0 0 0 
------------------------------------------------------------------- 
PBloc: 0 0 0 0 0 0 0 0 0 0 0 0 0 0 0 0 0 0 0 0 0 0 0 0 

Green [kW]: 0 0 0 0 0 0 0 0 0 0 0 0 0 0 0 0 0 0 0 0 0 0 0 0 

Brown [kW]: 0 0 0 0 0 0 0 0 0 0 0 0 0 0 0 0 0 0 0 0 0 0 0 0 

Transport [kW]: 0 0 0 0 0 0 0 0 0 0 0 0 0 0 0 0 0 0 0 0 0 0 0 0 

EDFA [kW]: 0 0 0 0 0 0 0 0 0 0 0 0 0 0 0 0 0 0 0 0 0 0 0 0 

Processing [kW]: 0 0 0 0 0 0 0 0 0 0 0 0 0 0 0 0 0 0 0 0 0 0 0 0 

C02comp [Kg]: 0 0 0 0 0 0 0 0 0 0 0 0 0 0 0 0 0 0 0 0 0 0 0 0 

CO2trans [Kg]: 0 0 0 0 0 0 0 0 0 0 0 0 0 0 0 0 0 0 0 0 0 0 0 0 

CO2tot [Kg]: 0 0 0 0 0 0 0 0 0 0 0 0 0 0 0 0 0 0 0 0 0 0 0 0 

carico: 0 0 0 0 0 0 0 0 0 0 0 0 0 0 0 0 0 0 0 0 0 0 0 0 
------------------------------------------------------------------- 
PBloc: 0 0 0 0 0 0 0 0 0 0 0 0 0 0 0 0 0 0 0 0 0 0 0 0 

Green [kW]: 0 0 0 0 0 0 0 0 0 0 0 0 0 0 0 0 0 0 0 0 0 0 0 0 

Brown [kW]: 0 0 0 0 0 0 0 0 0 0 0 0 0 0 0 0 0 0 0 0 0 0 0 0 

Transport [kW]: 0 0 0 0 0 0 0 0 0 0 0 0 0 0 0 0 0 0 0 0 0 0 0 0 

EDFA [kW]: 0 0 0 0 0 0 0 0 0 0 0 0 0 0 0 0 0 0 0 0 0 0 0 0 

Processing [kW]: 0 0 0 0 0 0 0 0 0 0 0 0 0 0 0 0 0 0 0 0 0 0 0 0 

C02comp [Kg]: 0 0 0 0 0 0 0 0 0 0 0 0 0 0 0 0 0 0 0 0 0 0 0 0 

CO2trans [Kg]: 0 0 0 0 0 0 0 0 0 0 0 0 0 0 0 0 0 0 0 0 0 0 0 0 

CO2tot [Kg]: 0 0 0 0 0 0 0 0 0 0 0 0 0 0 0 0 0 0 0 0 0 0 0 0 

carico: 0 0 0 0 0 0 0 0 0 0 0 0 0 0 0 0 0 0 0 0 0 0 0 0 
------------------------------------------------------------------- 
PBloc: 0 0 0 0 0 0 0 0 0 0 0 0 0 0 0 0 0 0 0 0 0 0 0 0 

Green [kW]: 0 0 0 0 0 0 0 0 0 0 0 0 0 0 0 0 0 0 0 0 0 0 0 0 

Brown [kW]: 0 0 0 0 0 0 0 0 0 0 0 0 0 0 0 0 0 0 0 0 0 0 0 0 

Transport [kW]: 0 0 0 0 0 0 0 0 0 0 0 0 0 0 0 0 0 0 0 0 0 0 0 0 

EDFA [kW]: 0 0 0 0 0 0 0 0 0 0 0 0 0 0 0 0 0 0 0 0 0 0 0 0 

Processing [kW]: 0 0 0 0 0 0 0 0 0 0 0 0 0 0 0 0 0 0 0 0 0 0 0 0 

C02comp [Kg]: 0 0 0 0 0 0 0 0 0 0 0 0 0 0 0 0 0 0 0 0 0 0 0 0 

CO2trans [Kg]: 0 0 0 0 0 0 0 0 0 0 0 0 0 0 0 0 0 0 0 0 0 0 0 0 

CO2tot [Kg]: 0 0 0 0 0 0 0 0 0 0 0 0 0 0 0 0 0 0 0 0 0 0 0 0 

carico: 0 0 0 0 0 0 0 0 0 0 0 0 0 0 0 0 0 0 0 0 0 0 0 0 
------------------------------------------------------------------- 
PBloc: 0 0 0 0 0 0 0 0 0 0 0 0 0 0 0 0 0 0 0 0 0 0 0 0 

Green [kW]: 0 0 0 0 0 0 0 0 0 0 0 0 0 0 0 0 0 0 0 0 0 0 0 0 

Brown [kW]: 0 0 0 0 0 0 0 0 0 0 0 0 0 0 0 0 0 0 0 0 0 0 0 0 

Transport [kW]: 0 0 0 0 0 0 0 0 0 0 0 0 0 0 0 0 0 0 0 0 0 0 0 0 

EDFA [kW]: 0 0 0 0 0 0 0 0 0 0 0 0 0 0 0 0 0 0 0 0 0 0 0 0 

Processing [kW]: 0 0 0 0 0 0 0 0 0 0 0 0 0 0 0 0 0 0 0 0 0 0 0 0 

C02comp [Kg]: 0 0 0 0 0 0 0 0 0 0 0 0 0 0 0 0 0 0 0 0 0 0 0 0 

CO2trans [Kg]: 0 0 0 0 0 0 0 0 0 0 0 0 0 0 0 0 0 0 0 0 0 0 0 0 

CO2tot [Kg]: 0 0 0 0 0 0 0 0 0 0 0 0 0 0 0 0 0 0 0 0 0 0 0 0 

carico: 0 0 0 0 0 0 0 0 0 0 0 0 0 0 0 0 0 0 0 0 0 0 0 0 
------------------------------------------------------------------- 
PBloc: 0 0 0 0 0 0 0 0 0 0 0 0 0 0 0 0 0 0 0 0 0 0 0 0 

Green [kW]: 0 0 0 0 0 0 0 0 0 0 0 0 0 0 0 0 0 0 0 0 0 0 0 0 

Brown [kW]: 0 0 0 0 0 0 0 0 0 0 0 0 0 0 0 0 0 0 0 0 0 0 0 0 

Transport [kW]: 0 0 0 0 0 0 0 0 0 0 0 0 0 0 0 0 0 0 0 0 0 0 0 0 

EDFA [kW]: 0 0 0 0 0 0 0 0 0 0 0 0 0 0 0 0 0 0 0 0 0 0 0 0 

Processing [kW]: 0 0 0 0 0 0 0 0 0 0 0 0 0 0 0 0 0 0 0 0 0 0 0 0 

C02comp [Kg]: 0 0 0 0 0 0 0 0 0 0 0 0 0 0 0 0 0 0 0 0 0 0 0 0 

CO2trans [Kg]: 0 0 0 0 0 0 0 0 0 0 0 0 0 0 0 0 0 0 0 0 0 0 0 0 

CO2tot [Kg]: 0 0 0 0 0 0 0 0 0 0 0 0 0 0 0 0 0 0 0 0 0 0 0 0 

carico: 0 0 0 0 0 0 0 0 0 0 0 0 0 0 0 0 0 0 0 0 0 0 0 0 
------------------------------------------------------------------- 
PBloc: 0 0 0 0 0 0 0 0 0 0 0 0 0 0 0 0 0 0 0 0 0 0 0 0 

Green [kW]: 0 0 0 0 0 0 0 0 0 0 0 0 0 0 0 0 0 0 0 0 0 0 0 0 

Brown [kW]: 0 0 0 0 0 0 0 0 0 0 0 0 0 0 0 0 0 0 0 0 0 0 0 0 

Transport [kW]: 0 0 0 0 0 0 0 0 0 0 0 0 0 0 0 0 0 0 0 0 0 0 0 0 

EDFA [kW]: 0 0 0 0 0 0 0 0 0 0 0 0 0 0 0 0 0 0 0 0 0 0 0 0 

Processing [kW]: 0 0 0 0 0 0 0 0 0 0 0 0 0 0 0 0 0 0 0 0 0 0 0 0 

C02comp [Kg]: 0 0 0 0 0 0 0 0 0 0 0 0 0 0 0 0 0 0 0 0 0 0 0 0 

CO2trans [Kg]: 0 0 0 0 0 0 0 0 0 0 0 0 0 0 0 0 0 0 0 0 0 0 0 0 

CO2tot [Kg]: 0 0 0 0 0 0 0 0 0 0 0 0 0 0 0 0 0 0 0 0 0 0 0 0 

carico: 0 0 0 0 0 0 0 0 0 0 0 0 0 0 0 0 0 0 0 0 0 0 0 0 
------------------------------------------------------------------- 
PBloc: 0 0 0 0 0 0 0 0 0 0 0 0 0 0 0 0 0 0 0 0 0 0 0 0 

Green [kW]: 0 0 0 0 0 0 0 0 0 0 0 0 0 0 0 0 0 0 0 0 0 0 0 0 

Brown [kW]: 0 0 0 0 0 0 0 0 0 0 0 0 0 0 0 0 0 0 0 0 0 0 0 0 

Transport [kW]: 0 0 0 0 0 0 0 0 0 0 0 0 0 0 0 0 0 0 0 0 0 0 0 0 

EDFA [kW]: 0 0 0 0 0 0 0 0 0 0 0 0 0 0 0 0 0 0 0 0 0 0 0 0 

Processing [kW]: 0 0 0 0 0 0 0 0 0 0 0 0 0 0 0 0 0 0 0 0 0 0 0 0 

C02comp [Kg]: 0 0 0 0 0 0 0 0 0 0 0 0 0 0 0 0 0 0 0 0 0 0 0 0 

CO2trans [Kg]: 0 0 0 0 0 0 0 0 0 0 0 0 0 0 0 0 0 0 0 0 0 0 0 0 

CO2tot [Kg]: 0 0 0 0 0 0 0 0 0 0 0 0 0 0 0 0 0 0 0 0 0 0 0 0 

carico: 0 0 0 0 0 0 0 0 0 0 0 0 0 0 0 0 0 0 0 0 0 0 0 0 
------------------------------------------------------------------- 
PBloc: 0 0 0 0 0 0 0 0 0 0 0 0 0 0 0 0 0 0 0 0 0 0 0 0 

Green [kW]: 0 0 0 0 0 0 0 0 0 0 0 0 0 0 0 0 0 0 0 0 0 0 0 0 

Brown [kW]: 0 0 0 0 0 0 0 0 0 0 0 0 0 0 0 0 0 0 0 0 0 0 0 0 

Transport [kW]: 0 0 0 0 0 0 0 0 0 0 0 0 0 0 0 0 0 0 0 0 0 0 0 0 

EDFA [kW]: 0 0 0 0 0 0 0 0 0 0 0 0 0 0 0 0 0 0 0 0 0 0 0 0 

Processing [kW]: 0 0 0 0 0 0 0 0 0 0 0 0 0 0 0 0 0 0 0 0 0 0 0 0 

C02comp [Kg]: 0 0 0 0 0 0 0 0 0 0 0 0 0 0 0 0 0 0 0 0 0 0 0 0 

CO2trans [Kg]: 0 0 0 0 0 0 0 0 0 0 0 0 0 0 0 0 0 0 0 0 0 0 0 0 

CO2tot [Kg]: 0 0 0 0 0 0 0 0 0 0 0 0 0 0 0 0 0 0 0 0 0 0 0 0 

carico: 0 0 0 0 0 0 0 0 0 0 0 0 0 0 0 0 0 0 0 0 0 0 0 0 
------------------------------------------------------------------- 
PBloc: 0 0 0 0 0 0 0 0 0 0 0 0 0 0 0 0 0 0 0 0 0 0 0 0 

Green [kW]: 0 0 0 0 0 0 0 0 0 0 0 0 0 0 0 0 0 0 0 0 0 0 0 0 

Brown [kW]: 0 0 0 0 0 0 0 0 0 0 0 0 0 0 0 0 0 0 0 0 0 0 0 0 

Transport [kW]: 0 0 0 0 0 0 0 0 0 0 0 0 0 0 0 0 0 0 0 0 0 0 0 0 

EDFA [kW]: 0 0 0 0 0 0 0 0 0 0 0 0 0 0 0 0 0 0 0 0 0 0 0 0 

Processing [kW]: 0 0 0 0 0 0 0 0 0 0 0 0 0 0 0 0 0 0 0 0 0 0 0 0 

C02comp [Kg]: 0 0 0 0 0 0 0 0 0 0 0 0 0 0 0 0 0 0 0 0 0 0 0 0 

CO2trans [Kg]: 0 0 0 0 0 0 0 0 0 0 0 0 0 0 0 0 0 0 0 0 0 0 0 0 

CO2tot [Kg]: 0 0 0 0 0 0 0 0 0 0 0 0 0 0 0 0 0 0 0 0 0 0 0 0 

carico: 0 0 0 0 0 0 0 0 0 0 0 0 0 0 0 0 0 0 0 0 0 0 0 0 
------------------------------------------------------------------- 
PBloc: 0 0 0 0 0 0 0 0 0 0 0 0 0 0 0 0 0 0 0 0 0 0 0 0 

Green [kW]: 0 0 0 0 0 0 0 0 0 0 0 0 0 0 0 0 0 0 0 0 0 0 0 0 

Brown [kW]: 0 0 0 0 0 0 0 0 0 0 0 0 0 0 0 0 0 0 0 0 0 0 0 0 

Transport [kW]: 0 0 0 0 0 0 0 0 0 0 0 0 0 0 0 0 0 0 0 0 0 0 0 0 

EDFA [kW]: 0 0 0 0 0 0 0 0 0 0 0 0 0 0 0 0 0 0 0 0 0 0 0 0 

Processing [kW]: 0 0 0 0 0 0 0 0 0 0 0 0 0 0 0 0 0 0 0 0 0 0 0 0 

C02comp [Kg]: 0 0 0 0 0 0 0 0 0 0 0 0 0 0 0 0 0 0 0 0 0 0 0 0 

CO2trans [Kg]: 0 0 0 0 0 0 0 0 0 0 0 0 0 0 0 0 0 0 0 0 0 0 0 0 

CO2tot [Kg]: 0 0 0 0 0 0 0 0 0 0 0 0 0 0 0 0 0 0 0 0 0 0 0 0 

carico: 0 0 0 0 0 0 0 0 0 0 0 0 0 0 0 0 0 0 0 0 0 0 0 0 
------------------------------------------------------------------- 
PBloc: 0 0 0 0 0 0 0 0 0 0 0 0 0 0 0 0 0 0 0 0 0 0 0 0 

Green [kW]: 0 0 0 0 0 0 0 0 0 0 0 0 0 0 0 0 0 0 0 0 0 0 0 0 

Brown [kW]: 0 0 0 0 0 0 0 0 0 0 0 0 0 0 0 0 0 0 0 0 0 0 0 0 

Transport [kW]: 0 0 0 0 0 0 0 0 0 0 0 0 0 0 0 0 0 0 0 0 0 0 0 0 

EDFA [kW]: 0 0 0 0 0 0 0 0 0 0 0 0 0 0 0 0 0 0 0 0 0 0 0 0 

Processing [kW]: 0 0 0 0 0 0 0 0 0 0 0 0 0 0 0 0 0 0 0 0 0 0 0 0 

C02comp [Kg]: 0 0 0 0 0 0 0 0 0 0 0 0 0 0 0 0 0 0 0 0 0 0 0 0 

CO2trans [Kg]: 0 0 0 0 0 0 0 0 0 0 0 0 0 0 0 0 0 0 0 0 0 0 0 0 

CO2tot [Kg]: 0 0 0 0 0 0 0 0 0 0 0 0 0 0 0 0 0 0 0 0 0 0 0 0 

carico: 0 0 0 0 0 0 0 0 0 0 0 0 0 0 0 0 0 0 0 0 0 0 0 0 
------------------------------------------------------------------- 
PBloc: 0 0 0 0 0 0 0 0 0 0 0 0 0 0 0 0 0 0 0 0 0 0 0 0 

Green [kW]: 0 0 0 0 0 0 0 0 0 0 0 0 0 0 0 0 0 0 0 0 0 0 0 0 

Brown [kW]: 0 0 0 0 0 0 0 0 0 0 0 0 0 0 0 0 0 0 0 0 0 0 0 0 

Transport [kW]: 0 0 0 0 0 0 0 0 0 0 0 0 0 0 0 0 0 0 0 0 0 0 0 0 

EDFA [kW]: 0 0 0 0 0 0 0 0 0 0 0 0 0 0 0 0 0 0 0 0 0 0 0 0 

Processing [kW]: 0 0 0 0 0 0 0 0 0 0 0 0 0 0 0 0 0 0 0 0 0 0 0 0 

C02comp [Kg]: 0 0 0 0 0 0 0 0 0 0 0 0 0 0 0 0 0 0 0 0 0 0 0 0 

CO2trans [Kg]: 0 0 0 0 0 0 0 0 0 0 0 0 0 0 0 0 0 0 0 0 0 0 0 0 

CO2tot [Kg]: 0 0 0 0 0 0 0 0 0 0 0 0 0 0 0 0 0 0 0 0 0 0 0 0 

carico: 0 0 0 0 0 0 0 0 0 0 0 0 0 0 0 0 0 0 0 0 0 0 0 0 
------------------------------------------------------------------- 
PBloc: 0 0 0 0 0 0 0 0 0 0 0 0 0 0 0 0 0 0 0 0 0 0 0 0 

Green [kW]: 0 0 0 0 0 0 0 0 0 0 0 0 0 0 0 0 0 0 0 0 0 0 0 0 

Brown [kW]: 0 0 0 0 0 0 0 0 0 0 0 0 0 0 0 0 0 0 0 0 0 0 0 0 

Transport [kW]: 0 0 0 0 0 0 0 0 0 0 0 0 0 0 0 0 0 0 0 0 0 0 0 0 

EDFA [kW]: 0 0 0 0 0 0 0 0 0 0 0 0 0 0 0 0 0 0 0 0 0 0 0 0 

Processing [kW]: 0 0 0 0 0 0 0 0 0 0 0 0 0 0 0 0 0 0 0 0 0 0 0 0 

C02comp [Kg]: 0 0 0 0 0 0 0 0 0 0 0 0 0 0 0 0 0 0 0 0 0 0 0 0 

CO2trans [Kg]: 0 0 0 0 0 0 0 0 0 0 0 0 0 0 0 0 0 0 0 0 0 0 0 0 

CO2tot [Kg]: 0 0 0 0 0 0 0 0 0 0 0 0 0 0 0 0 0 0 0 0 0 0 0 0 

carico: 0 0 0 0 0 0 0 0 0 0 0 0 0 0 0 0 0 0 0 0 0 0 0 0 
------------------------------------------------------------------- 
PBloc: 0 0 0 0 0 0 0 0 0 0 0 0 0 0 0 0 0 0 0 0 0 0 0 0 

Green [kW]: 0 0 0 0 0 0 0 0 0 0 0 0 0 0 0 0 0 0 0 0 0 0 0 0 

Brown [kW]: 0 0 0 0 0 0 0 0 0 0 0 0 0 0 0 0 0 0 0 0 0 0 0 0 

Transport [kW]: 0 0 0 0 0 0 0 0 0 0 0 0 0 0 0 0 0 0 0 0 0 0 0 0 

EDFA [kW]: 0 0 0 0 0 0 0 0 0 0 0 0 0 0 0 0 0 0 0 0 0 0 0 0 

Processing [kW]: 0 0 0 0 0 0 0 0 0 0 0 0 0 0 0 0 0 0 0 0 0 0 0 0 

C02comp [Kg]: 0 0 0 0 0 0 0 0 0 0 0 0 0 0 0 0 0 0 0 0 0 0 0 0 

CO2trans [Kg]: 0 0 0 0 0 0 0 0 0 0 0 0 0 0 0 0 0 0 0 0 0 0 0 0 

CO2tot [Kg]: 0 0 0 0 0 0 0 0 0 0 0 0 0 0 0 0 0 0 0 0 0 0 0 0 

carico: 0 0 0 0 0 0 0 0 0 0 0 0 0 0 0 0 0 0 0 0 0 0 0 0 
------------------------------------------------------------------- 
PBloc: 0 0 0 0 0 0 0 0 0 0 0 0 0 0 0 0 0 0 0 0 0 0 0 0 

Green [kW]: 0 0 0 0 0 0 0 0 0 0 0 0 0 0 0 0 0 0 0 0 0 0 0 0 

Brown [kW]: 0 0 0 0 0 0 0 0 0 0 0 0 0 0 0 0 0 0 0 0 0 0 0 0 

Transport [kW]: -2.44543e+62 -2.56946e+62 -2.54539e+62 -2.55835e+62 -2.57038e+62 -2.52132e+62 -2.58056e+62 -2.56112e+62 -2.51114e+62 -2.50837e+62 -2.46486e+62 -2.48708e+62 -2.50004e+62 -2.47504e+62 -2.54261e+62 -2.46949e+62 -2.51207e+62 -2.6324e+62 -2.57408e+62 -2.53613e+62 -2.57686e+62 -2.53799e+62 -2.57038e+62 -2.49356e+62 

EDFA [kW]: -2.44543e+62 -2.56946e+62 -2.54539e+62 -2.55835e+62 -2.57038e+62 -2.52132e+62 -2.58056e+62 -2.56112e+62 -2.51114e+62 -2.50837e+62 -2.46486e+62 -2.48708e+62 -2.50004e+62 -2.47504e+62 -2.54261e+62 -2.46949e+62 -2.51207e+62 -2.6324e+62 -2.57408e+62 -2.53613e+62 -2.57686e+62 -2.53799e+62 -2.57038e+62 -2.49356e+62 

Processing [kW]: -2.44543e+62 -2.56946e+62 -2.54539e+62 -2.55835e+62 -2.57038e+62 -2.52132e+62 -2.58056e+62 -2.56112e+62 -2.51114e+62 -2.50837e+62 -2.46486e+62 -2.48708e+62 -2.50004e+62 -2.47504e+62 -2.54261e+62 -2.46949e+62 -2.51207e+62 -2.6324e+62 -2.57408e+62 -2.53613e+62 -2.57686e+62 -2.53799e+62 -2.57038e+62 -2.49356e+62 

C02comp [Kg]: 0 0 0 0 0 0 0 0 0 0 0 0 0 0 0 0 0 0 0 0 0 0 0 0 

CO2trans [Kg]: -5.57557e+61 -5.85836e+61 -5.80349e+61 -5.83303e+61 -5.86047e+61 -5.74862e+61 -5.88368e+61 -5.83936e+61 -5.72541e+61 -5.71907e+61 -5.61989e+61 -5.67054e+61 -5.70008e+61 -5.6431e+61 -5.79716e+61 -5.63044e+61 -5.72752e+61 -6.00186e+61 -5.86891e+61 -5.78239e+61 -5.87524e+61 -5.78661e+61 -5.86047e+61 -5.68531e+61 

CO2tot [Kg]: -5.57557e+61 -5.85836e+61 -5.80349e+61 -5.83303e+61 -5.86047e+61 -5.74862e+61 -5.88368e+61 -5.83936e+61 -5.72541e+61 -5.71907e+61 -5.61989e+61 -5.67054e+61 -5.70008e+61 -5.6431e+61 -5.79716e+61 -5.63044e+61 -5.72752e+61 -6.00186e+61 -5.86891e+61 -5.78239e+61 -5.87524e+61 -5.78661e+61 -5.86047e+61 -5.68531e+61 

carico: 7.16665 6.8299 7.0331 6.98541 6.96606 6.96618 6.97037 7.01477 7.01701 7.00159 7.01615 6.99587 7.00976 7.03001 7.03537 7.04384 7.03365 7.04771 7.0558 7.03023 7.02569 7.03577 7.03022 7.05033 