
------------------------------------------------------------------- 
PBloc: 3.87687e-006 2.214e-006 1.71972e-006 1.40743e-006 1.10566e-006 9.66864e-007 8.83779e-007 7.93111e-007 6.87091e-007 5.83552e-007 0.000739368 0.000970198 0.000993392 0.00101654 0.00102822 0.00113589 0.00132445 0.00141614 0.00145697 0.00141487 0.00135323 0.00141661 0.00184111 0.00198759 

Green [kW]: 4278.54 3244.07 2151.72 2140.53 3248.39 2158.2 3245.38 7000.54 10472.8 14002.6 33035.1 30293.6 27447.1 27349.3 27364.1 30336.7 33120.5 31825.7 30411.7 25699 20971.3 31692.3 39137.7 35620 

Brown [kW]: 21469.5 16153.9 10825.5 10757.8 16126.3 10817.7 6503.4 5956.04 8968.9 11794.7 31511.6 27820.4 24319.6 24396.9 24360.7 27900.5 31606.9 29788.7 27784.3 22669.3 17970 29707.5 41581.5 35450.9 

Transport [kW]: 30616.5 23213 15906.7 15783.9 23228.5 15880.2 12143.4 15922.9 23268.4 30646.8 76458.2 68832.9 60950 60948.1 60973.8 68990.2 76801.4 73065.2 68811.7 57054.2 45858.5 72658 97480.4 84756.6 

EDFA [kW]: 13149.5 10079.3 7109.62 7045.79 10108.4 7087.31 5537.52 7126.74 10100.2 13176.7 32639.1 29380.5 25853.4 25843.1 25918.9 29426.9 32778.1 31178.1 29293.8 24250.4 19474.8 30990.9 42159.3 36378 

Processing [kW]: 17467.1 13133.7 8797.04 8738.08 13120 8792.9 6605.85 8796.21 13168.2 17470.1 43819.1 39452.4 35096.6 35104.9 35054.9 39563.3 44023.2 41887.1 39517.8 32803.9 26383.8 41667 55321 48378.6 

C02comp [Kg]: 4895.04 3683.08 2468.22 2452.78 3676.79 2466.43 1482.78 1357.98 2044.91 2689.2 7184.65 6343.06 5544.87 5562.5 5554.25 6361.31 7206.38 6791.83 6334.82 5168.59 4097.17 6773.31 9480.59 8082.8 

CO2trans [Kg]: 6980.57 5292.56 3626.72 3598.72 5296.09 3620.69 2768.69 3630.43 5305.2 6987.46 17432.5 15693.9 13896.6 13896.2 13902 15729.8 17510.7 16658.9 15689.1 13008.4 10455.7 16566 22225.5 19324.5 

CO2tot [Kg]: 11875.6 8975.64 6094.94 6051.5 8972.88 6087.12 4251.47 4988.41 7350.11 9676.66 24617.1 22037 19441.5 19458.7 19456.3 22091.1 24717.1 23450.7 22023.9 18177 14552.9 23339.3 31706.1 27407.3 

carico: 0.0463265 0.0347502 0.0231731 0.0231665 0.0347372 0.0231632 0.0173742 0.0231772 0.0347597 0.0463299 0.115879 0.104278 0.0926946 0.092678 0.0926685 0.104274 0.11594 0.110182 0.104382 0.0869707 0.0695759 0.110152 0.145131 0.12775 
------------------------------------------------------------------- 
PBloc: 0.000678452 0.000425087 0.000330187 0.000270226 0.000239928 0.000209809 0.00019178 0.000172105 0.000149099 0.000126631 0.00483195 0.00611877 0.00582314 0.00563909 0.00553918 0.00649622 0.00839303 0.00942328 0.00981298 0.00929826 0.00883689 0.00936456 0.0116339 0.0126248 

Green [kW]: 9683.3 7927.64 5825.66 5755.67 7999.57 5820.07 6263.16 10244.3 17698.1 24514.4 49915.8 47749.7 43887.5 43808.7 43977.9 48115.4 50475.2 49535 48238.2 40958.1 34198.4 49242.8 53651.9 51646.5 

Brown [kW]: 16045.1 11469.3 7151.59 7142.67 11372.1 7155.8 3485.62 2712.25 1743.62 1282.93 13681 9812 7717.91 7763.86 7558.2 9438.86 12909.3 11046.3 9245.25 7359.69 4747.77 11316.6 24720 17874.8 

Transport [kW]: 40832.2 32069 22656.5 22394.1 32208 22598.6 17488.3 22678.5 38854.9 45697.5 107257 99005.1 90296.6 90596.3 90960.8 101097 110990 106651 101041 86707.4 74060.3 104293 130147 115968 

EDFA [kW]: 19469.2 15580.1 11335.7 11163.1 15684.7 11281.1 8853.69 11355.7 19504.1 22192 52109 48033 43783.5 43986.4 44264.4 49403.9 54653.8 52411.4 49381.1 42446.5 37185 50815.9 63793.5 56494.5 

Processing [kW]: 21363 16488.9 11320.7 11231.1 16523.3 11317.5 8634.63 11322.9 19350.8 23505.5 55147.8 50972.1 46513.1 46609.9 46696.3 51693.1 56336.5 54239.8 51659.6 44260.9 36875.3 53476.7 66353.9 59473.4 

C02comp [Kg]: 3658.29 2615.01 1630.56 1628.53 2592.84 1631.52 794.722 618.394 397.546 292.507 3119.27 2237.14 1759.68 1770.16 1723.27 2152.06 2943.31 2518.55 2107.92 1678.01 1082.49 2580.19 5636.17 4075.46 

CO2trans [Kg]: 9309.74 7311.74 5165.67 5105.86 7343.42 5152.48 3987.34 5170.7 8858.92 10419 24454.5 22573.2 20587.6 20656 20739.1 23050.1 25305.8 24316.5 23037.3 19769.3 16885.7 23778.7 29673.6 26440.7 

CO2tot [Kg]: 12968 9926.74 6796.23 6734.39 9936.26 6784 4782.06 5789.1 9256.46 10711.5 27573.8 24810.3 22347.3 22426.1 22462.3 25202.2 28249.1 26835 25145.2 21447.3 17968.2 26358.9 35309.8 30516.1 

carico: 0.0674786 0.0515507 0.0349156 0.0352153 0.0529013 0.035443 0.0267252 0.0357867 0.0554775 0.0748403 0.184968 0.16667 0.149128 0.149886 0.150562 0.1696 0.188127 0.17874 0.169493 0.141716 0.114013 0.180163 0.234794 0.205466 