SP
AR  	delay  	Pb	PTot	PGreen  	PBrown 	     PTran	     PEDFA	     PProc	 ConnBlock	  ConnProv	  Tot Hop

180	0.005	0.00198581	2172.76	  476.247	  516.243	  1180.27	  506.097	  674.178	19776	9.92918e+006	8.73714e+006


------------------------------------------------------------------- 
PBloc: 3.87687e-006 2.214e-006 1.71972e-006 1.40743e-006 1.10566e-006 9.66864e-007 8.83779e-007 7.93111e-007 6.87091e-007 5.83552e-007 0.000739368 0.000970198 0.000993392 0.00101654 0.00102822 0.00113589 0.00132445 0.00141614 0.00145697 0.00141487 0.00135323 0.00141661 0.00184111 0.00198759 

Green [kW]: 4278.54 3244.07 2151.72 2140.53 3248.39 2158.2 3245.38 7000.54 10472.8 14002.6 33035.1 30293.6 27447.1 27349.3 27364.1 30336.7 33120.5 31825.7 30411.7 25699 20971.3 31692.3 39137.7 35620 

Brown [kW]: 21469.5 16153.9 10825.5 10757.8 16126.3 10817.7 6503.4 5956.04 8968.9 11794.7 31511.6 27820.4 24319.6 24396.9 24360.7 27900.5 31606.9 29788.7 27784.3 22669.3 17970 29707.5 41581.5 35450.9 

Transport [kW]: 30616.5 23213 15906.7 15783.9 23228.5 15880.2 12143.4 15922.9 23268.4 30646.8 76458.2 68832.9 60950 60948.1 60973.8 68990.2 76801.4 73065.2 68811.7 57054.2 45858.5 72658 97480.4 84756.6 

EDFA [kW]: 13149.5 10079.3 7109.62 7045.79 10108.4 7087.31 5537.52 7126.74 10100.2 13176.7 32639.1 29380.5 25853.4 25843.1 25918.9 29426.9 32778.1 31178.1 29293.8 24250.4 19474.8 30990.9 42159.3 36378 

Processing [kW]: 17467.1 13133.7 8797.04 8738.08 13120 8792.9 6605.85 8796.21 13168.2 17470.1 43819.1 39452.4 35096.6 35104.9 35054.9 39563.3 44023.2 41887.1 39517.8 32803.9 26383.8 41667 55321 48378.6 

C02comp [Kg]: 4895.04 3683.08 2468.22 2452.78 3676.79 2466.43 1482.78 1357.98 2044.91 2689.2 7184.65 6343.06 5544.87 5562.5 5554.25 6361.31 7206.38 6791.83 6334.82 5168.59 4097.17 6773.31 9480.59 8082.8 

CO2trans [Kg]: 6980.57 5292.56 3626.72 3598.72 5296.09 3620.69 2768.69 3630.43 5305.2 6987.46 17432.5 15693.9 13896.6 13896.2 13902 15729.8 17510.7 16658.9 15689.1 13008.4 10455.7 16566 22225.5 19324.5 

CO2tot [Kg]: 11875.6 8975.64 6094.94 6051.5 8972.88 6087.12 4251.47 4988.41 7350.11 9676.66 24617.1 22037 19441.5 19458.7 19456.3 22091.1 24717.1 23450.7 22023.9 18177 14552.9 23339.3 31706.1 27407.3 

carico: 0.0463265 0.0347502 0.0231731 0.0231665 0.0347372 0.0231632 0.0173742 0.0231772 0.0347597 0.0463299 0.115879 0.104278 0.0926946 0.092678 0.0926685 0.104274 0.11594 0.110182 0.104382 0.0869707 0.0695759 0.110152 0.145131 0.12775 
------------------------------------------------------------------- 
BGD

AR  	delay  	Pb	PTot	PGreen  	PBrown 	     PTran	     PEDFA	     PProc	 ConnBlock	  ConnProv	  Tot Hop

180	0.005	0.106829	3175.38	  612.42	  275.735	  2287.23	  1248.46	  1038.77	1.0638e+006	8.88515e+006	1.93313e+007


PBloc: 0.0882763 0.0816876 0.0731209 0.0674889 0.0685001 0.0652633 0.0616109 0.0597419 0.0615139 0.0580716 0.0850188 0.0984221 0.0988767 0.0981403 0.0997733 0.101854 0.104606 0.107293 0.108527 0.107831 0.106631 0.104381 0.105973 0.106926 

Green [kW]: 12218.7 11773.8 10750.4 10725.9 11780.8 10756.7 9295.06 11390.7 14176.3 22369.7 33308.5 31144.2 35917.6 37037.5 33903 36191.5 37842.2 35217.4 35611.3 34308.5 30248.7 37910.2 35812.3 32729.3 

Brown [kW]: 11225 6209.44 1678.91 1629.25 6202.71 1675.18 229.763 1005.55 3830.33 2430.3 21289.3 18222.6 10642 9921.16 12040.9 15264.9 18899.4 18398.8 15576 9398.15 5431.75 18945.2 35493.2 30095.2 

Transport [kW]: 65421.8 56816.7 45442.9 45152.9 56654.1 45295.7 36277.1 45391.5 56839.5 79987.6 122111 114975 128920 132469 122264 131229 137705 127942 128947 122963 106293 130871 129525 117700 

EDFA [kW]: 37013.9 32529.5 26011.1 25742.8 32376.2 25850.4 20579.3 25988.7 32552.8 44768.5 67072.5 63733.3 70586.8 72255.3 66266.9 70739.8 73748.2 68287.7 69367.6 67101.3 58044.4 69264 67091.3 61471.4 

Processing [kW]: 28407.8 24287.2 19431.8 19410 24278 19445.4 15697.9 19402.8 24286.7 35219.2 55038.9 51242 58332.8 60213.8 55997.2 60489.1 63956.7 59654.3 59579.7 55862.1 48248.2 61607.4 62433.9 56228.1 

C02comp [Kg]: 2559.3 1415.75 382.791 371.468 1414.22 381.942 52.386 229.265 873.315 554.109 4853.96 4154.74 2426.39 2262.03 2745.34 3480.41 4309.06 4194.93 3551.32 2142.78 1238.44 4319.5 8092.45 6861.71 

CO2trans [Kg]: 14916.2 12954.2 10361 10294.9 12917.1 10327.4 8271.19 10349.3 12959.4 18237.2 27841.4 26214.4 29393.7 30202.9 27876.2 29920.2 31396.7 29170.8 29400 28035.6 24234.7 29838.7 29531.7 26835.5 

CO2tot [Kg]: 17475.5 14370 10743.8 10666.3 14331.4 10709.4 8323.57 10578.5 13832.7 18791.3 32695.4 30369.1 31820.1 32465 30621.6 33400.6 35705.8 33365.7 32951.3 30178.4 25473.2 34158.2 37624.2 33697.2 

carico: 0.109996 0.0888138 0.0642601 0.0673006 0.100513 0.0686591 0.0527917 0.0717083 0.106291 0.141956 0.311297 0.261219 0.231478 0.232178 0.230367 0.255812 0.27917 0.260904 0.245329 0.205405 0.165795 0.259923 0.329977 0.282793 
------------------------------------------------------------------- 

GEAR

AR  	delay  	Pb		PTot	PGreen  	PBrown 	     PTran	     PEDFA	     PProc	 ConnBlock	  ConnProv	  Tot Hop

180	0.005	0.00200986	2172.8	  476.782	  515.688	  1180.33	  506.155	  674.172	20016	9.92894e+006	8.73724e+006


PBloc: 3.87687e-006 2.214e-006 1.71972e-006 1.40743e-006 1.10566e-006 9.66864e-007 8.83779e-007 7.93111e-007 6.87091e-007 5.83552e-007 0.000746571 0.000977332 0.000999747 0.00102257 0.00103422 0.0011412 0.00133283 0.00142307 0.00146361 0.00142107 0.00135912 0.00142326 0.00186493 0.00201171 

Green [kW]: 4278.54 3244.07 2151.72 2140.53 3248.39 2158.2 3245.38 7000.54 10472.8 14002.6 33073.1 30310 27453.1 27353.2 27369.2 30352 33164.8 31846.3 30425.4 25700.7 20971.6 31713.8 39388.7 35717 

Brown [kW]: 21469.5 16153.9 10825.5 10757.8 16126.3 10817.7 6503.4 5956.04 8968.9 11794.7 31471.5 27803.4 24313.6 24392.8 24355.4 27885.3 31561.8 29768.4 27771.5 22667.6 17969.7 29685.1 41316.6 35351.3 

Transport [kW]: 30616.6 23213 15906.7 15783.8 23228.9 15880.5 12143.4 15922.9 23268.4 30646.7 76467.4 68828.1 60947 60948 60973.5 68984.8 76804.1 73068 68809.7 57053.2 45858.3 72658.1 97501.2 84789.4 

EDFA [kW]: 13149.5 10079.3 7109.62 7045.77 10108.8 7087.58 5537.56 7126.74 10100.2 13176.6 32650.6 29376.2 25850.6 25843.2 25918.8 29421.4 32780.6 31180.5 29290.7 24249.4 19474.5 30991.2 42184.3 36410.7 

Processing [kW]: 17467.1 13133.7 8797.04 8738.08 13120 8792.9 6605.85 8796.21 13168.2 17470.1 43816.8 39451.9 35096.4 35104.8 35054.7 39563.3 44023.5 41887.5 39519 32803.9 26383.8 41666.9 55316.9 48378.8 

C02comp [Kg]: 4895.04 3683.08 2468.22 2452.78 3676.79 2466.43 1482.78 1357.98 2044.91 2689.2 7175.49 6339.18 5543.51 5561.56 5553.04 6357.84 7196.1 6787.21 6331.9 5168.21 4097.1 6768.2 9420.19 8060.1 

CO2trans [Kg]: 6980.58 5292.56 3626.72 3598.72 5296.18 3620.75 2768.7 3630.43 5305.2 6987.45 17434.6 15692.8 13895.9 13896.2 13902 15728.5 17511.3 16659.5 15688.6 13008.1 10455.7 16566 22230.3 19332 

CO2tot [Kg]: 11875.6 8975.64 6094.94 6051.5 8972.97 6087.18 4251.47 4988.41 7350.11 9676.65 24610.1 22032 19439.4 19457.7 19455 22086.4 24707.4 23446.7 22020.5 18176.3 14552.8 23334.2 31650.5 27392.1 

carico: 0.0463265 0.0347502 0.0231731 0.0231665 0.0347372 0.0231632 0.0173742 0.0231772 0.0347597 0.0463299 0.115876 0.104276 0.0926929 0.0926766 0.0926672 0.104273 0.115939 0.110182 0.104382 0.0869705 0.0695758 0.110151 0.145132 0.12775 

------------------------------------------------------------------

SWEAR

AR  	delay  	Pb	PTot	PGreen  	PBrown 	     PTran	     PEDFA	     PProc	 ConnBlock	  ConnProv	  Tot Hop

180	0.005	0.00289386	2988.97	  635.165	  356.409	  1997.4	  626.708	  1370.69	28837	9.92012e+006	1.07572e+007


PBloc: 0 0 0 0 0 0 0 0 0 0 0.000847837 0.000957969 0.00092031 0.000889947 0.00086174 0.000929915 0.00119185 0.00128257 0.00128576 0.00122965 0.00117467 0.0012238 0.00255555 0.00289795 

Green [kW]: 6241.57 4819.62 3237.7 3186.72 4837.85 3232.59 4072.77 8072.74 15337.6 20556.7 43053.1 39703.6 36796.9 36680.2 36729.6 39835.2 43212.5 41493.5 39760.1 35112.2 30183.3 41348.3 50933.3 46727.4 

Brown [kW]: 19506.5 14578.3 9739.55 9711.63 14536.8 9743.28 5676.01 4883.84 4104.15 5240.61 21462.2 18439.9 14991.5 15090.5 15020.6 18433 21481.4 20132.6 18469.7 13277.2 8760.64 20077 28960 24091.6 

Transport [kW]: 48143.4 36280.6 24606.8 24384.2 36299.5 24563.7 18673 24599.4 40255.8 53670.2 129390 117429 105858 105720 105789 117812 129904 123969 117462 99636.5 81400.9 123441 164807 143260 

EDFA [kW]: 14282 10828.7 7567.1 7480.44 10868.9 7540.06 5874.35 7574.3 12845.6 17152.4 40275.6 36922 33601.5 33479.7 33588.9 37004.1 40370.6 38717.4 36816.9 31755.8 26141.9 38591.2 52613.4 44803.2 

Processing [kW]: 33861.4 25451.8 17039.7 16903.8 25430.6 17023.7 12798.7 17025.1 27410.2 36517.8 89114.3 80506.6 72256.5 72240 72199.8 80808 89533.1 85251.5 80645.6 67880.7 55259.1 84849.9 112194 98457 

C02comp [Kg]: 4447.47 3323.85 2220.62 2214.25 3314.39 2221.47 1294.13 1113.52 935.747 1194.86 4893.38 4204.29 3418.06 3440.63 3424.7 4202.73 4897.76 4590.23 4211.09 3027.21 1997.43 4577.55 6602.89 5492.89 

CO2trans [Kg]: 10976.7 8271.97 5610.35 5559.6 8276.28 5600.53 4257.45 5608.66 9178.32 12236.8 29500.9 26773.7 24135.6 24104.1 24119.8 26861.2 29618 28264.9 26781.4 22717.1 18559.4 28144.6 37576 32663.3 

CO2tot [Kg]: 15424.2 11595.8 7830.97 7773.85 11590.7 7822 5551.58 6722.18 10114.1 13431.7 34394.3 30978 27553.7 27544.7 27544.5 31063.9 34515.8 32855.1 30992.5 25744.3 20556.8 32722.1 44178.9 38156.2 

carico: 0.0508987 0.0381685 0.0254424 0.0254172 0.0381154 0.0254095 0.0190594 0.02542 0.0389545 0.0532263 0.135834 0.12362 0.110985 0.111763 0.112366 0.12681 0.141198 0.134343 0.127446 0.106508 0.0855162 0.135435 0.178611 0.157294 