SHORTEST PATH ITALY

AR  	delay  	Pb		PTot	PGreen  	PBrown 	     PTran	     PEDFA	     PProc	 ConnBlock	  ConnProv	  Tot Hop

80	0.005	0.000380455	773.22	  170.039	  271.181	  331.999	  42.6777	  289.321	1683	4.41468e+006	4.20893e+006

------------------------------------------------------------------- 
PBloc: 0 0 0 0 0 0 0 0 0 0 0.000136363 0.000162161 0.000155412 0.000149368 0.000147216 0.000165781 0.000209873 0.000227127 0.000229495 0.000220791 0.000210925 0.000227557 0.000339079 0.000381091 

Green [kW]: 556.452 419.908 267.094 263.042 422.389 273.334 214.536 2500.26 3705.09 4969.16 12309.2 11148.7 9905.92 9781.11 9803.84 11078.4 12324.3 11726.7 11056.3 9241.95 7439.88 11722.4 15361.9 13547.4 

Brown [kW]: 10858.4 8173.12 5477.7 5471.43 8201.5 5480.32 4085.27 3291.34 4901.19 6567.42 16385.4 14770.6 13101.8 13199.5 13118.1 14870.2 16455.3 15532.7 14801 12379.1 9875.87 15625.9 20395.8 18162.5 

Transport [kW]: 8608.73 6544.79 4401.96 4383.54 6555.97 4429.15 3302.01 4422.56 6540.96 8666.13 21493 19455.4 17255.5 17250.9 17207.4 19457.8 21657.7 20488.2 19344.4 16260.1 13004.5 20552.2 26867.5 23842.4 

EDFA [kW]: 1144.63 902.081 637.707 632.32 899.849 644.513 499.118 640.152 903.446 1150.41 2699.33 2448.86 2184.14 2195.73 2177.35 2459.65 2726.65 2585.98 2433.28 2064.57 1672.02 2590.2 3380.69 3004.28 

Processing [kW]: 7464.1 5642.71 3764.25 3751.22 5656.12 3784.64 2802.89 3782.4 5637.52 7515.72 18793.7 17006.5 15071.4 15055.2 15030.1 16998.1 18931 17902.2 16911.1 14195.5 11332.5 17962 23486.8 20838.1 

C02comp [Kg]: 2475.72 1863.47 1248.91 1247.49 1869.94 1249.51 931.442 750.426 1117.47 1497.37 3735.86 3367.69 2987.2 3009.48 2990.93 3390.4 3751.82 3541.46 3374.64 2822.43 2251.7 3562.71 4650.24 4141.05 

CO2trans [Kg]: 1962.79 1492.21 1003.65 999.448 1494.76 1009.85 752.858 1008.34 1491.34 1975.88 4900.4 4435.82 3934.26 3933.2 3923.3 4436.37 4937.96 4671.31 4410.52 3707.29 2965.03 4685.91 6125.78 5436.07 

CO2tot [Kg]: 4438.51 3355.68 2252.56 2246.93 3364.7 2259.36 1684.3 1758.77 2608.81 3473.25 8636.27 7803.51 6921.46 6942.69 6914.22 7826.77 8689.77 8212.77 7785.15 6529.73 5216.73 8248.62 10776 9577.12 

carico: 0.0266434 0.020066 0.0133728 0.0133687 0.0200665 0.0134008 0.0100471 0.0133854 0.0200845 0.0267545 0.0668872 0.0602748 0.0535788 0.0535768 0.0535828 0.060298 0.0670309 0.0636852 0.0603199 0.050278 0.0402169 0.0636891 0.0837927 0.0737658 

------------------------------------------------------------------- 
BEST GREEN ITALY

AR  	delay  	Pb		PTot	 PGreen  	PBrown 	     PTran	     PEDFA	     PProc	 ConnBlock	  ConnProv	  Tot Hop

80	0.005	0.0284884	1077.92	  343.402	  85.3445	  649.175	  142.497	  506.678	126555	4.28981e+006	9.73709e+006


PBloc: 0.0333788 0.0297273 0.0253303 0.0225467 0.0233229 0.0217318 0.0201422 0.0191631 0.0199519 0.0221655 0.0239532 0.022981 0.0216205 0.0206598 0.0199042 0.0197528 0.0203667 0.0208889 0.0211278 0.0208303 0.0212824 0.0236621 0.0265814 0.0286561 

Green [kW]: 5970.82 5638.32 4902.97 4901.88 5635.6 4911.76 4100.63 5270.38 6742.23 8047.25 21747.2 24781.9 22687.6 22645.1 22599.9 25458.6 27236.5 20877.7 19369.4 17877.9 12689.2 14617.4 18224 16467.2 

Brown [kW]: 5057.87 2743.09 782.192 779.231 2761.04 783.988 188.313 460.751 1641.82 3087.3 6135.41 637.21 4.36231 0.867811 1.11605 24.9808 826.277 5691.12 5882.03 3390.04 4114.56 11273.7 15564.2 13513.1 

Transport [kW]: 15813.9 13411.5 10406.8 10417.1 13433.6 10432.7 8327.62 10495.5 13432.1 15877.7 39883 45320.4 40857.7 40798.7 40766.5 46483.3 50534.2 38226.7 35454.7 32614.7 23854.3 27706 33786.1 30832.2 

EDFA [kW]: 3969.96 3461.63 2737.03 2731.39 3469.71 2725.26 2187.05 2755.21 3455.08 3953.67 8357.75 9548.47 8591.51 8600.12 8551.81 9771.62 10634.1 8042.74 7547.12 7133.88 5451.58 5840.31 6703.03 6275.65 

Processing [kW]: 11844 9949.83 7669.74 7685.7 9963.92 7707.44 6140.57 7740.33 9977.05 11924 31525.3 35772 32266.2 32198.6 32214.6 36711.7 39900 30184 27907.6 25480.9 18402.7 21865.7 27083.1 24556.5 

C02comp [Kg]: 1153.19 625.425 178.34 177.665 629.517 178.749 42.9354 105.051 374.336 703.904 1398.87 145.284 0.994606 0.197861 0.254459 5.69562 188.391 1297.57 1341.1 772.928 938.121 2570.4 3548.63 3080.98 

CO2trans [Kg]: 3605.58 3057.81 2372.74 2375.1 3062.87 2378.66 1898.7 2392.98 3062.52 3620.11 9093.33 10333.1 9315.56 9302.1 9294.75 10598.2 11521.8 8715.69 8083.68 7436.16 5438.78 6316.97 7703.24 7029.74 

CO2tot [Kg]: 4758.77 3683.24 2551.08 2552.76 3692.38 2557.4 1941.63 2498.03 3436.86 4324.01 10492.2 10478.3 9316.55 9302.3 9295.01 10603.9 11710.2 10013.3 9424.78 8209.09 6376.9 8887.37 11251.9 10110.7 

carico: 0.0543413 0.0434784 0.0303796 0.0317991 0.0478846 0.0324566 0.0250055 0.0336487 0.0502515 0.0650616 0.158412 0.149222 0.136263 0.139381 0.141606 0.161915 0.182083 0.169984 0.158242 0.130987 0.103717 0.159162 0.200628 0.170961 
------------------------------------------------------------------- 
GEAR

AR  	delay  	Pb		PTot	PGreen  	PBrown 	     PTran	     PEDFA	     PProc	 ConnBlock	  ConnProv	  Tot Hop

80	0.005	0.00754864	892.595	  382.746	  55.2976	  454.552	  83.4332	  371.119	33746	4.38261e+006	6.19543e+006


PBloc: 0.0123466 0.00962954 0.00762042 0.00642517 0.00637528 0.00568574 0.00521291 0.00479257 0.00417025 0.00354885 0.00397838 0.00399514 0.00377346 0.00363406 0.00353319 0.00355144 0.00376513 0.00385512 0.00384518 0.00372854 0.00359929 0.0045752 0.00648739 0.00764062 

Green [kW]: 5611.55 4994.89 3774.26 3759.32 5005.1 3777.18 2861.11 4639.56 8565.73 11533.6 28235.4 25564.6 22803.2 22772.6 22712.8 25621.8 28276.7 26852.2 25534.4 21455.8 17094 20500.8 21612.7 19186.3 

Brown [kW]: 5665.11 3547.32 1967.03 1968.85 3567.21 1970.27 1437.97 1145.72 39.9279 2.2115 324.244 255.107 149.826 151.272 149.272 242.973 360.389 292.875 243.164 123.636 203.285 6396.57 13275.2 11818.2 

Transport [kW]: 13325 10728 7566.41 7554.96 10752 7587.44 5700.28 7603.34 8893.54 11361.1 28188.1 25356 22539.6 22567.2 22490.1 25469.6 28252.4 26745.7 25314 21269.6 17133 28826.4 36426.3 32893.8 

EDFA [kW]: 3099.22 2537.46 1821.36 1824.68 2544.49 1818.67 1393.4 1837.35 1571.71 1890.46 4536.94 4068.29 3637.83 3667.47 3626.12 4100.2 4540.11 4291.96 4059.26 3450.49 2841.36 5961.41 7472.88 6838.69 

Processing [kW]: 10225.8 8190.57 5745.06 5730.28 8207.48 5768.76 4306.88 5765.99 7321.83 9470.63 23651.2 21287.7 18901.8 18899.8 18864 21369.4 23712.3 22453.7 21254.8 17819.1 14291.6 22865 28953.4 26055.1 

C02comp [Kg]: 1291.65 808.79 448.483 448.898 813.324 449.221 327.857 261.224 9.10355 0.504222 73.9276 58.1645 34.1603 34.4901 34.034 55.3978 82.1688 66.7754 55.4414 28.189 46.3489 1458.42 3026.74 2694.55 

CO2trans [Kg]: 3038.1 2445.99 1725.14 1722.53 2451.45 1729.94 1299.66 1733.56 2027.73 2590.33 6426.89 5781.17 5139.03 5145.33 5127.75 5807.06 6441.55 6098.02 5771.6 4849.47 3906.31 6572.43 8305.19 7499.78 

CO2tot [Kg]: 4329.75 3254.78 2173.62 2171.43 3264.77 2179.16 1627.52 1994.79 2036.83 2590.83 6500.82 5839.33 5173.19 5179.82 5161.78 5862.46 6523.72 6164.8 5827.04 4877.65 3952.66 8030.84 11331.9 10194.3 

carico: 0.0443965 0.0346297 0.023535 0.0239965 0.0361668 0.0242939 0.0183768 0.0245903 0.0359963 0.0464019 0.110213 0.0963102 0.0840867 0.0828884 0.0820354 0.0914552 0.100767 0.0951522 0.0896856 0.0744626 0.0594077 0.0941302 0.123496 0.108615 
------------------------------------------------------------------- 

SWEAR

AR  	delay  	Pb	PTot	PGreen  	PBrown 	     PTran	     PEDFA	     PProc	 ConnBlock	  ConnProv	  Tot Hop

80	0.005	0.0003375	901.262	  374.919	  66.3121	  460.031	  84.0687	  375.962	1542	4.41482e+006	6.31502e+006


PBloc: 0.00373982 0.00312498 0.00248458 0.00209523 0.00212094 0.00189379 0.00173166 0.00160229 0.00140556 0.00119302 0.000865859 0.000694541 0.000590437 0.000513736 0.000454668 0.000402485 0.000356862 0.000322236 0.000295158 0.000275761 0.000261997 0.000252157 0.000339811 0.000349164 

Green [kW]: 5450.65 4914.42 3752.55 3736.54 4928.2 3753.03 2858.9 4634.76 8425.73 11499.6 27840.1 25263.1 22549 22535.8 22464.3 25287.8 27886.3 26495.8 25194.8 21227.1 17115.7 20621.1 19557.2 16926.2 

Brown [kW]: 5919.34 3659 1990.34 1995.9 3676.43 1998.7 1440.91 1154 179.175 36.9905 869.206 661.631 460.793 447.432 460.234 670.053 909.563 774.766 669.437 396.56 200.172 6735.09 16209.7 14796.7 

Transport [kW]: 12887.3 10557.6 7532.08 7525.92 10580.7 7555.34 5697.3 7571.37 9024.78 11384.2 29582.2 26288.3 23066 23109.6 23023.6 26393.1 29745.1 27863.9 26197.8 21665.6 17168.9 28076.1 35558.5 31968.3 

EDFA [kW]: 2869.66 2458.01 1808.56 1814.73 2460.04 1807.91 1392.31 1826.34 1650.7 1900.09 5018.73 4394.78 3827.7 3848.53 3808.6 4431.94 5053.6 4683.37 4384.64 3593.85 2824.63 5379.36 6666.64 6162.65 

Processing [kW]: 10017.6 8099.62 5723.52 5711.19 8120.65 5747.43 4304.99 5745.03 7374.07 9484.13 24563.5 21893.5 19238.3 19261.1 19215 21961.2 24691.5 23180.5 21813.2 18071.8 14344.3 22696.7 28891.8 25805.6 

C02comp [Kg]: 1349.61 834.251 453.799 455.065 838.225 455.703 328.528 263.112 40.8519 8.43384 198.179 150.852 105.061 102.015 104.933 152.772 207.38 176.647 152.632 90.4156 45.6393 1535.6 3695.82 3373.64 

CO2trans [Kg]: 2938.3 2407.14 1717.31 1715.91 2412.4 1722.62 1298.98 1726.27 2057.65 2595.6 6744.75 5993.72 5259.06 5268.99 5249.38 6017.64 6781.88 6352.96 5973.11 4939.76 3914.51 6401.35 8107.33 7288.77 

CO2tot [Kg]: 4287.91 3241.39 2171.11 2170.97 3250.62 2178.32 1627.51 1989.38 2098.5 2604.03 6942.93 6144.58 5364.12 5371.01 5354.32 6170.41 6989.26 6529.61 6125.74 5030.18 3960.15 7936.95 11803.1 10662.4 

carico: 0.0428686 0.0336457 0.0229615 0.023512 0.0354746 0.0238593 0.0180844 0.0242195 0.0355677 0.0459458 0.111022 0.0977249 0.0855039 0.0844569 0.0837033 0.0935732 0.103597 0.0980511 0.0925321 0.0768042 0.0612211 0.0966452 0.126332 0.110727 
