
------------------------------------------------------------------- 
PBloc: 0.0152671 0.0133725 0.0113519 0.010087 0.0101157 0.00944142 0.00879625 0.00790335 0.0068771 0.00589271 0.0159657 0.0188271 0.0188918 0.018935 0.0189309 0.0202781 0.0228504 0.0242597 0.0247834 0.0240356 0.0230486 0.0239934 0.027561 0.029328 

Green [kW]: 11974.3 11192.8 9039.31 8941.27 11199.7 9016.72 7591.88 12126 18261.6 24256.7 51632.2 49437 46101.2 46042.2 46037.1 49460 51653.9 50705.6 49516.1 43889.4 36276.7 50751.2 54950.6 53192.1 

Brown [kW]: 13067.7 7831.82 3842.99 3855.07 7822.66 3850.39 2123.34 829.36 1173.68 1530.18 9092.38 6319.7 4375.41 4417.04 4404.2 6385.92 9204.66 7770.1 6308.79 3674.17 2458.77 7617.96 18328.5 12636.4 

Transport [kW]: 43457.7 34844.9 24777.7 24547.7 34930.8 24689.7 18838.4 21667.2 29291.4 37559.3 107217 94954.9 81706.2 82154.5 81765.9 94884.6 107314 101594 94928.5 74998.7 57743 100857 134212 118438 

EDFA [kW]: 22517.5 18233.6 13046.1 12933 18279.2 12991.2 10003.3 10710.4 13970.1 17686.7 55204.2 48113.7 40541.3 40823.5 40609.5 48058.9 55243.9 51958.8 48086.7 36665.6 27459.4 51365.6 70220.5 61447.1 

Processing [kW]: 20940.2 16611.3 11731.7 11614.7 16651.6 11698.5 8835.1 10956.8 15321.3 19872.6 52012.4 46841.2 41164.9 41331.1 41156.4 46825.6 52070.5 49635.6 46841.8 38333.2 30283.6 49491 63991.2 56990.6 

C02comp [Kg]: 2979.43 1785.65 876.202 878.956 1783.57 877.889 484.122 189.094 267.599 348.881 2073.06 1440.89 997.593 1007.09 1004.16 1455.99 2098.66 1771.58 1438.41 837.712 560.599 1736.9 4178.9 2881.09 

CO2trans [Kg]: 9908.36 7944.64 5649.32 5596.88 7964.23 5629.25 4295.16 4940.12 6678.44 8563.53 24445.4 21649.7 18629 18731.2 18642.6 21633.7 24467.7 23163.5 21643.7 17099.7 13165.4 22995.3 30600.2 27003.8 

CO2tot [Kg]: 12887.8 9730.29 6525.52 6475.84 9747.8 6507.14 4779.28 5129.22 6946.04 8912.41 26518.4 23090.6 19626.6 19738.3 19646.8 23089.7 26566.3 24935.1 23082.1 17937.4 13726 24732.2 34779.1 29884.9 

carico: 0.101347 0.0801543 0.0558051 0.0571126 0.0858422 0.0579467 0.0438364 0.0574433 0.0828317 0.105292 0.252373 0.221096 0.192163 0.189006 0.186599 0.208361 0.230798 0.218481 0.206129 0.170586 0.135483 0.21418 0.281531 0.247802 
------------------------------------------------------------------- 
PBloc: 0.0152671 0.0133725 0.0113519 0.010087 0.0101157 0.00944142 0.00879625 0.00790335 0.0068771 0.00589271 0.0159657 0.0188271 0.0188918 0.018935 0.0189309 0.0202781 0.0228504 0.0242597 0.0247834 0.0240356 0.0230486 0.0239934 0.027561 0.029328 

Green [kW]: 11974.3 11192.8 9039.31 8941.27 11199.7 9016.72 7591.88 12126 18261.6 24256.7 51632.2 49437 46101.2 46042.2 46037.1 49460 51653.9 50705.6 49516.1 43889.4 36276.7 50751.2 54950.6 53192.1 

Brown [kW]: 13067.7 7831.82 3842.99 3855.07 7822.66 3850.39 2123.34 829.36 1173.68 1530.18 9092.38 6319.7 4375.41 4417.04 4404.2 6385.92 9204.66 7770.1 6308.79 3674.17 2458.77 7617.96 18328.5 12636.4 

Transport [kW]: 43457.7 34844.9 24777.7 24547.7 34930.8 24689.7 18838.4 21667.2 29291.4 37559.3 107217 94954.9 81706.2 82154.5 81765.9 94884.6 107314 101594 94928.5 74998.7 57743 100857 134212 118438 

EDFA [kW]: 22517.5 18233.6 13046.1 12933 18279.2 12991.2 10003.3 10710.4 13970.1 17686.7 55204.2 48113.7 40541.3 40823.5 40609.5 48058.9 55243.9 51958.8 48086.7 36665.6 27459.4 51365.6 70220.5 61447.1 

Processing [kW]: 20940.2 16611.3 11731.7 11614.7 16651.6 11698.5 8835.1 10956.8 15321.3 19872.6 52012.4 46841.2 41164.9 41331.1 41156.4 46825.6 52070.5 49635.6 46841.8 38333.2 30283.6 49491 63991.2 56990.6 

C02comp [Kg]: 2979.43 1785.65 876.202 878.956 1783.57 877.889 484.122 189.094 267.599 348.881 2073.06 1440.89 997.593 1007.09 1004.16 1455.99 2098.66 1771.58 1438.41 837.712 560.599 1736.9 4178.9 2881.09 

CO2trans [Kg]: 9908.36 7944.64 5649.32 5596.88 7964.23 5629.25 4295.16 4940.12 6678.44 8563.53 24445.4 21649.7 18629 18731.2 18642.6 21633.7 24467.7 23163.5 21643.7 17099.7 13165.4 22995.3 30600.2 27003.8 

CO2tot [Kg]: 12887.8 9730.29 6525.52 6475.84 9747.8 6507.14 4779.28 5129.22 6946.04 8912.41 26518.4 23090.6 19626.6 19738.3 19646.8 23089.7 26566.3 24935.1 23082.1 17937.4 13726 24732.2 34779.1 29884.9 

carico: 0.101347 0.0801543 0.0558051 0.0571126 0.0858422 0.0579467 0.0438364 0.0574433 0.0828317 0.105292 0.252373 0.221096 0.192163 0.189006 0.186599 0.208361 0.230798 0.218481 0.206129 0.170586 0.135483 0.21418 0.281531 0.247802 
------------------------------------------------------------------- 
PBloc: 0.0152671 0.0133725 0.0113519 0.010087 0.0101157 0.00944142 0.00879625 0.00790335 0.0068771 0.00589271 0.0159657 0.0188271 0.0188918 0.018935 0.0189309 0.0202781 0.0228504 0.0242597 0.0247834 0.0240356 0.0230486 0.0239934 0.027561 0.029328 

Green [kW]: 11974.3 11192.8 9039.31 8941.27 11199.7 9016.72 7591.88 12126 18261.6 24256.7 51632.2 49437 46101.2 46042.2 46037.1 49460 51653.9 50705.6 49516.1 43889.4 36276.7 50751.2 54950.6 53192.1 

Brown [kW]: 13067.7 7831.82 3842.99 3855.07 7822.66 3850.39 2123.34 829.36 1173.68 1530.18 9092.38 6319.7 4375.41 4417.04 4404.2 6385.92 9204.66 7770.1 6308.79 3674.17 2458.77 7617.96 18328.5 12636.4 

Transport [kW]: 43457.7 34844.9 24777.7 24547.7 34930.8 24689.7 18838.4 21667.2 29291.4 37559.3 107217 94954.9 81706.2 82154.5 81765.9 94884.6 107314 101594 94928.5 74998.7 57743 100857 134212 118438 

EDFA [kW]: 22517.5 18233.6 13046.1 12933 18279.2 12991.2 10003.3 10710.4 13970.1 17686.7 55204.2 48113.7 40541.3 40823.5 40609.5 48058.9 55243.9 51958.8 48086.7 36665.6 27459.4 51365.6 70220.5 61447.1 

Processing [kW]: 20940.2 16611.3 11731.7 11614.7 16651.6 11698.5 8835.1 10956.8 15321.3 19872.6 52012.4 46841.2 41164.9 41331.1 41156.4 46825.6 52070.5 49635.6 46841.8 38333.2 30283.6 49491 63991.2 56990.6 

C02comp [Kg]: 2979.43 1785.65 876.202 878.956 1783.57 877.889 484.122 189.094 267.599 348.881 2073.06 1440.89 997.593 1007.09 1004.16 1455.99 2098.66 1771.58 1438.41 837.712 560.599 1736.9 4178.9 2881.09 

CO2trans [Kg]: 9908.36 7944.64 5649.32 5596.88 7964.23 5629.25 4295.16 4940.12 6678.44 8563.53 24445.4 21649.7 18629 18731.2 18642.6 21633.7 24467.7 23163.5 21643.7 17099.7 13165.4 22995.3 30600.2 27003.8 

CO2tot [Kg]: 12887.8 9730.29 6525.52 6475.84 9747.8 6507.14 4779.28 5129.22 6946.04 8912.41 26518.4 23090.6 19626.6 19738.3 19646.8 23089.7 26566.3 24935.1 23082.1 17937.4 13726 24732.2 34779.1 29884.9 

carico: 0.101347 0.0801543 0.0558051 0.0571126 0.0858422 0.0579467 0.0438364 0.0574433 0.0828317 0.105292 0.252373 0.221096 0.192163 0.189006 0.186599 0.208361 0.230798 0.218481 0.206129 0.170586 0.135483 0.21418 0.281531 0.247802 
------------------------------------------------------------------- 
PBloc: 0.0152671 0.0133725 0.0113519 0.010087 0.0101157 0.00944142 0.00879625 0.00790335 0.0068771 0.00589271 0.0159657 0.0188271 0.0188918 0.018935 0.0189309 0.0202781 0.0228504 0.0242597 0.0247834 0.0240356 0.0230486 0.0239934 0.027561 0.029328 

Green [kW]: 11974.3 11192.8 9039.31 8941.27 11199.7 9016.72 7591.88 12126 18261.6 24256.7 51632.2 49437 46101.2 46042.2 46037.1 49460 51653.9 50705.6 49516.1 43889.4 36276.7 50751.2 54950.6 53192.1 

Brown [kW]: 13067.7 7831.82 3842.99 3855.07 7822.66 3850.39 2123.34 829.36 1173.68 1530.18 9092.38 6319.7 4375.41 4417.04 4404.2 6385.92 9204.66 7770.1 6308.79 3674.17 2458.77 7617.96 18328.5 12636.4 

Transport [kW]: 43457.7 34844.9 24777.7 24547.7 34930.8 24689.7 18838.4 21667.2 29291.4 37559.3 107217 94954.9 81706.2 82154.5 81765.9 94884.6 107314 101594 94928.5 74998.7 57743 100857 134212 118438 

EDFA [kW]: 22517.5 18233.6 13046.1 12933 18279.2 12991.2 10003.3 10710.4 13970.1 17686.7 55204.2 48113.7 40541.3 40823.5 40609.5 48058.9 55243.9 51958.8 48086.7 36665.6 27459.4 51365.6 70220.5 61447.1 

Processing [kW]: 20940.2 16611.3 11731.7 11614.7 16651.6 11698.5 8835.1 10956.8 15321.3 19872.6 52012.4 46841.2 41164.9 41331.1 41156.4 46825.6 52070.5 49635.6 46841.8 38333.2 30283.6 49491 63991.2 56990.6 

C02comp [Kg]: 2979.43 1785.65 876.202 878.956 1783.57 877.889 484.122 189.094 267.599 348.881 2073.06 1440.89 997.593 1007.09 1004.16 1455.99 2098.66 1771.58 1438.41 837.712 560.599 1736.9 4178.9 2881.09 

CO2trans [Kg]: 9908.36 7944.64 5649.32 5596.88 7964.23 5629.25 4295.16 4940.12 6678.44 8563.53 24445.4 21649.7 18629 18731.2 18642.6 21633.7 24467.7 23163.5 21643.7 17099.7 13165.4 22995.3 30600.2 27003.8 

CO2tot [Kg]: 12887.8 9730.29 6525.52 6475.84 9747.8 6507.14 4779.28 5129.22 6946.04 8912.41 26518.4 23090.6 19626.6 19738.3 19646.8 23089.7 26566.3 24935.1 23082.1 17937.4 13726 24732.2 34779.1 29884.9 

carico: 0.101347 0.0801543 0.0558051 0.0571126 0.0858422 0.0579467 0.0438364 0.0574433 0.0828317 0.105292 0.252373 0.221096 0.192163 0.189006 0.186599 0.208361 0.230798 0.218481 0.206129 0.170586 0.135483 0.21418 0.281531 0.247802 
------------------------------------------------------------------- 
PBloc: 0.0152671 0.0133725 0.0113519 0.010087 0.0101157 0.00944142 0.00879625 0.00790335 0.0068771 0.00589271 0.0159657 0.0188271 0.0188918 0.018935 0.0189309 0.0202781 0.0228504 0.0242597 0.0247834 0.0240356 0.0230486 0.0239934 0.027561 0.029328 

Green [kW]: 11974.3 11192.8 9039.31 8941.27 11199.7 9016.72 7591.88 12126 18261.6 24256.7 51632.2 49437 46101.2 46042.2 46037.1 49460 51653.9 50705.6 49516.1 43889.4 36276.7 50751.2 54950.6 53192.1 

Brown [kW]: 13067.7 7831.82 3842.99 3855.07 7822.66 3850.39 2123.34 829.36 1173.68 1530.18 9092.38 6319.7 4375.41 4417.04 4404.2 6385.92 9204.66 7770.1 6308.79 3674.17 2458.77 7617.96 18328.5 12636.4 

Transport [kW]: 43457.7 34844.9 24777.7 24547.7 34930.8 24689.7 18838.4 21667.2 29291.4 37559.3 107217 94954.9 81706.2 82154.5 81765.9 94884.6 107314 101594 94928.5 74998.7 57743 100857 134212 118438 

EDFA [kW]: 22517.5 18233.6 13046.1 12933 18279.2 12991.2 10003.3 10710.4 13970.1 17686.7 55204.2 48113.7 40541.3 40823.5 40609.5 48058.9 55243.9 51958.8 48086.7 36665.6 27459.4 51365.6 70220.5 61447.1 

Processing [kW]: 20940.2 16611.3 11731.7 11614.7 16651.6 11698.5 8835.1 10956.8 15321.3 19872.6 52012.4 46841.2 41164.9 41331.1 41156.4 46825.6 52070.5 49635.6 46841.8 38333.2 30283.6 49491 63991.2 56990.6 

C02comp [Kg]: 2979.43 1785.65 876.202 878.956 1783.57 877.889 484.122 189.094 267.599 348.881 2073.06 1440.89 997.593 1007.09 1004.16 1455.99 2098.66 1771.58 1438.41 837.712 560.599 1736.9 4178.9 2881.09 

CO2trans [Kg]: 9908.36 7944.64 5649.32 5596.88 7964.23 5629.25 4295.16 4940.12 6678.44 8563.53 24445.4 21649.7 18629 18731.2 18642.6 21633.7 24467.7 23163.5 21643.7 17099.7 13165.4 22995.3 30600.2 27003.8 

CO2tot [Kg]: 12887.8 9730.29 6525.52 6475.84 9747.8 6507.14 4779.28 5129.22 6946.04 8912.41 26518.4 23090.6 19626.6 19738.3 19646.8 23089.7 26566.3 24935.1 23082.1 17937.4 13726 24732.2 34779.1 29884.9 

carico: 0.101347 0.0801543 0.0558051 0.0571126 0.0858422 0.0579467 0.0438364 0.0574433 0.0828317 0.105292 0.252373 0.221096 0.192163 0.189006 0.186599 0.208361 0.230798 0.218481 0.206129 0.170586 0.135483 0.21418 0.281531 0.247802 
------------------------------------------------------------------- 
PBloc: 0 0 0 0 0 0 0 0 0 0 3.22017e-005 4.21235e-005 4.24625e-005 4.19478e-005 4.42317e-005 5.03614e-005 5.70539e-005 6.06399e-005 6.38986e-005 6.17386e-005 5.90475e-005 5.95992e-005 8.68418e-005 9.21724e-005 

Green [kW]: 8839.5 8375.21 7530.67 7516.73 8396.1 7549.47 7217.61 11554.6 17898.8 24156.6 40974 39782.9 38496.5 38455.5 38460.5 39756.2 40958 40368.4 39795.3 37619.2 34357.8 40457.6 44009 42145.8 

Brown [kW]: 16908.5 11022.7 5446.59 5381.61 10978.6 5426.39 2531.17 1401.96 1542.92 1640.72 23737.5 18442.3 13327.7 13349.9 13319.7 18591.5 23945.5 21384.7 18511.5 10791.2 4589.2 21075.9 37207.7 29189.2 

Transport [kW]: 39334 31753 23565.6 23427 31759.4 23530.2 18622.1 22332.4 33167.4 39158.3 102635 94497.1 85296.2 85540.3 85318.7 94321.5 102916 98992.1 94356.7 80558.4 64460.8 98558.9 125279 111592 

EDFA [kW]: 19732.4 16291.5 12385.9 12324.5 16281.3 12358.5 9893.63 11293.8 16558.6 18895.5 50410.5 46716.5 42261.1 42370 42307.6 46535 50586.6 48771.8 46598.8 39988.3 31886.1 48507.6 61059.8 54621.3 

Processing [kW]: 19601.7 15461.5 11179.7 11102.5 15478.1 11171.7 8728.51 11038.6 16608.8 20262.8 52224.9 47780.6 43035.1 43170.3 43011.1 47786.5 52329.4 50220.3 47757.9 40570.1 32574.7 50051.4 64219.6 56970.6 

C02comp [Kg]: 3855.15 2513.18 1241.82 1227.01 2503.11 1237.22 577.108 319.648 351.786 374.085 5412.15 4204.84 3038.72 3043.77 3036.89 4238.86 5459.57 4875.7 4220.61 2460.39 1046.34 4805.31 8483.35 6655.14 

CO2trans [Kg]: 8968.16 7239.69 5372.96 5341.36 7241.14 5364.89 4245.85 5091.79 7562.16 8928.09 23400.9 21545.3 19447.5 19503.2 19452.7 21505.3 23464.8 22570.2 21513.3 18367.3 14697.1 22471.4 28563.7 25443 

CO2tot [Kg]: 12823.3 9752.87 6614.78 6568.37 9744.26 6602.11 4822.96 5411.43 7913.94 9302.18 28813 25750.2 22486.2 22547 22489.6 25744.2 28924.4 27445.9 25733.9 20827.7 15743.4 27276.7 37047 32098.1 

carico: 0.0847792 0.0671307 0.0476745 0.0494016 0.0738073 0.0501622 0.0384109 0.0512967 0.0767171 0.0990208 0.244228 0.219396 0.195532 0.195938 0.196246 0.22047 0.24396 0.231328 0.219019 0.182848 0.146255 0.231228 0.302158 0.264989 
------------------------------------------------------------------- 
PBloc: 0.0150229 0.0131445 0.0110079 0.00967887 0.00975856 0.00897443 0.00835524 0.00754645 0.00660913 0.0056622 0.0149907 0.0175478 0.0172314 0.017013 0.0167845 0.017966 0.020408 0.02175 0.0222136 0.0213961 0.0204311 0.0213332 0.02486 0.0266253 

Green [kW]: 11963.3 11164.6 8982.64 8892.29 11175.9 8976.43 7532.08 11984.6 18155.4 24207.7 51620.6 49526.3 46486 46439.5 46471.4 49583.4 51670.5 50758.4 49610.9 44249.3 36468.5 50790 54937.2 53164.9 

Brown [kW]: 13094.1 7860.18 3912.86 3920.94 7851.29 3917.22 2186.22 961.884 1270.25 1579.56 9373.09 6454.29 4290.39 4302.75 4274.25 6567.98 9534.44 7986.89 6461.38 3550.26 2381.17 7858.26 18730.7 12937.9 

Transport [kW]: 43480 34774.7 24665.9 24449.2 34876.1 24617.9 18746.5 21867.6 29215.5 37564 107726 94874.5 81134.8 81426.2 80988.9 94839 107749 101753 94768.9 74320.5 56871.4 101144 135371 119362 

EDFA [kW]: 22490 18148 12928.8 12820.6 18201.2 12895.2 9917.99 10833 13916.2 17648.8 55529.5 47956.3 39961.4 40108.1 39843.1 47846.2 55449.4 51942 47812.3 36046.8 26716.7 51506.1 71014 62122.2 

Processing [kW]: 20990.1 16626.7 11737.1 11628.6 16674.9 11722.6 8828.46 11034.6 15299.2 19915.2 52196.5 46918.2 41173.4 41318.2 41145.8 46992.8 52300 49810.9 46956.6 38273.6 30154.7 49637.6 64357.4 57240.2 

C02comp [Kg]: 2985.44 1792.12 892.132 893.973 1790.1 893.126 498.459 219.31 289.616 360.14 2137.06 1471.58 978.208 981.027 974.528 1497.5 2173.85 1821.01 1473.19 809.459 542.906 1791.68 4270.6 2949.84 

CO2trans [Kg]: 9913.45 7928.63 5623.82 5574.41 7951.75 5612.87 4274.19 4985.8 6661.12 8564.6 24561.5 21631.4 18498.7 18565.2 18465.5 21623.3 24566.9 23199.7 21607.3 16945.1 12966.7 23060.8 30864.7 27214.6 

CO2tot [Kg]: 12898.9 9720.75 6515.96 6468.39 9741.85 6506 4772.65 5205.11 6950.74 8924.74 26698.6 23103 19476.9 19546.2 19440 23120.8 26740.7 25020.7 23080.5 17754.5 13509.6 24852.4 35135.3 30164.5 

carico: 0.102025 0.0806053 0.0560996 0.0574265 0.0863216 0.0582857 0.0440828 0.0579015 0.0834555 0.106101 0.254561 0.222887 0.193408 0.189981 0.187354 0.209275 0.232019 0.219734 0.207292 0.171412 0.136045 0.21516 0.283134 0.24939 
------------------------------------------------------------------- 
PBloc: 0.0142165 0.0118205 0.00945848 0.00796603 0.00805142 0.0071925 0.00657973 0.00590471 0.00511539 0.00434454 0.0131756 0.015052 0.0141212 0.0134607 0.0129601 0.0140746 0.016666 0.0179982 0.0184071 0.0174573 0.0165921 0.0175223 0.0212106 0.0231006 

Green [kW]: 11962.3 11164.2 8929.2 8853.48 11170.8 8913.47 7500.78 12100.1 18168.2 24156.6 51803.9 49724.8 46336.3 46225.8 46249.4 49713.2 51813.9 50923.2 49775.5 43581.1 35345.9 50946.4 54973.7 53264.1 

Brown [kW]: 13133 7931.96 4021.87 4016.1 7914.41 4034.25 2246.81 856.452 1273.53 1640.72 9534.22 6700.45 4904.49 4996.75 4929.76 6813.72 9639.01 8176.81 6685.23 4601.72 3598.47 8029.88 18894.4 13057.9 

Transport [kW]: 43627.1 34978.8 24863 24657.3 35085.3 24768.6 18915.1 21894 30254.2 39158.3 107798 95582.6 83001.5 83413.5 83031.1 95587 107996 102246 95561 78153.9 64577.4 101572 135000 119237 

EDFA [kW]: 22636.8 18306.2 13063.9 12959.4 18376.4 12994.7 10028.4 10892.3 14689 18895.5 55340.2 48146.1 40756.2 41035.4 40829 48111.8 55432.9 52087 48115.6 38215.9 31852.6 51590.6 70460.7 61830 

Processing [kW]: 20990.3 16672.5 11799.1 11697.8 16708.9 11773.9 8886.65 11001.7 15565.2 20262.8 52458.3 47436.5 42245.3 42378 42202.2 47475.2 52562.7 50159.4 47445.4 39938 32724.8 49981.1 64538.9 57407 

C02comp [Kg]: 2994.32 1808.49 916.985 915.67 1804.49 919.809 512.272 195.271 290.366 374.085 2173.8 1527.7 1118.22 1139.26 1123.99 1553.53 2197.7 1864.31 1524.23 1049.19 820.451 1830.81 4307.91 2977.2 

CO2trans [Kg]: 9946.99 7975.16 5668.76 5621.86 7999.44 5647.25 4312.63 4991.84 6897.97 8928.09 24578 21792.8 18924.3 19018.3 18931.1 21793.8 24623 23312.2 21787.9 17819.1 14723.7 23158.3 30779.9 27186 

CO2tot [Kg]: 12941.3 9783.65 6585.75 6537.53 9803.93 6567.06 4824.91 5187.11 7188.33 9302.18 26751.9 23320.5 20042.6 20157.5 20055.1 23347.4 26820.7 25176.5 23312.1 18868.3 15544.1 24989.2 35087.8 30163.2 

carico: 0.102357 0.0809904 0.0565179 0.0579519 0.0870403 0.0588094 0.0445278 0.0583392 0.084362 0.107658 0.257904 0.226305 0.198013 0.195764 0.19405 0.216552 0.239409 0.226363 0.213458 0.177635 0.142363 0.22468 0.294725 0.25888 
------------------------------------------------------------------- 
PBloc: 0.000961464 0.000659771 0.000515917 0.000433487 0.000431207 0.000379011 0.000346441 0.000312486 0.000270714 0.000229919 0.00357566 0.00449362 0.0044057 0.00438593 0.00436782 0.00493089 0.00603358 0.0066318 0.00684032 0.00653715 0.00621613 0.00659557 0.00810509 0.00875075 

Green [kW]: 10625.5 9771.72 8212.55 8189.79 9869.69 8240.78 7401.24 11591 17905 24156.6 49926 47969.4 45147.4 45114 45199.2 48293.3 50393.4 49505.3 48391.9 42907.5 35321.2 49347.2 53650.4 51607.8 

Brown [kW]: 15094.8 9620.56 4764.6 4707.5 9495.33 4734.96 2347.54 1365.41 1536.73 1640.71 13879.2 9731.63 6470.7 6461.54 6342.99 9449.15 13418.1 11402.7 9313.17 5396.28 3622.68 11385 25324.3 18346.7 

Transport [kW]: 37774 30965 23548.9 23458 31139.4 23542.3 18711.5 22532.8 33544.5 39158.8 95701.5 88105.4 80295.7 80744.8 80470 88906.2 97463.4 93521.9 89041.5 77017.4 64634.1 92624.6 118188 104290 

EDFA [kW]: 18415.5 15517.1 12237.1 12204.9 15622.1 12223.9 9906.78 11423 16789.5 18896.2 46636 42808.7 38888.5 39170.5 39034.6 43332.3 47830.6 45789 43449.8 37458.9 31913.7 45179.3 58260.1 51017.8 

Processing [kW]: 19358.5 15447.9 11311.9 11253.2 15517.3 11318.4 8804.74 11109.7 16755 20262.6 49065.5 45296.8 41407.2 41574.3 41435.4 45573.8 49632.8 47732.9 45591.7 39558.5 32720.5 47445.3 59927.8 53272.3 

C02comp [Kg]: 3441.62 2193.49 1086.33 1073.31 2164.94 1079.57 535.238 311.314 350.375 374.082 3164.45 2218.81 1475.32 1473.23 1446.2 2154.41 3059.32 2599.82 2123.4 1230.35 825.97 2595.77 5773.94 4183.05 

CO2trans [Kg]: 8612.47 7060.03 5369.15 5348.43 7099.78 5367.65 4266.23 5137.47 7648.14 8928.2 21819.9 20088 18307.4 18409.8 18347.2 20270.6 22221.7 21323 20301.5 17560 14736.6 21118.4 26946.8 23778.1 

CO2tot [Kg]: 12054.1 9253.51 6455.48 6421.74 9264.71 6447.22 4801.47 5448.78 7998.52 9302.28 24984.4 22306.9 19782.7 19883 19793.4 22425 25281 23922.8 22424.9 18790.3 15562.6 23714.2 32720.8 27961.2 

carico: 0.0769912 0.0621185 0.0451444 0.0474245 0.07086 0.0484764 0.0373188 0.0501393 0.0754217 0.0975601 0.227801 0.19952 0.176456 0.175873 0.175412 0.195288 0.214026 0.201512 0.189924 0.15902 0.128232 0.201624 0.261189 0.227437 
------------------------------------------------------------------- 
PBloc: 0.203385 0.186755 0.167121 0.154268 0.156334 0.149038 0.14049 0.126164 0.109642 0.0938801 0.116926 0.122176 0.119991 0.118489 0.11727 0.120309 0.126989 0.130465 0.131498 0.128754 0.124502 0.127114 0.138578 0.143769 

Green [kW]: 10194 8974.34 7524.16 7499.24 9049.46 7513.29 6959.02 12203.5 18355.6 24287 47181.2 44916 42213.4 42087.7 42155 44868.4 47240.8 46142.8 44945.7 40450.7 34777.4 46132.3 51614.7 49143.8 

Brown [kW]: 6455.84 4865.66 3239.54 3251.51 4815.56 3245.78 1941.98 736.901 1015.57 1336.54 3329.34 3010.83 2666.51 2676.91 2672.59 3022.91 3357.97 3193.97 3010.81 2503.29 2007.98 3197.83 4184.23 3696.21 

Transport [kW]: 32816.6 27382.3 21405.9 21340.1 27550.4 21380 17724.8 21984 29013.3 37413.6 74985.4 71039.6 66039.9 66210.3 66073.9 70969.1 75009.6 73254.8 71094.6 63356.9 53760.4 73107.5 83371.7 78765.8 

EDFA [kW]: 16718.3 14212.9 11328.9 11290.4 14312.3 11306.6 9471.03 10911.4 13751.4 17501.5 35926 33865.9 31249.9 31344.3 31326.1 33814.8 35954.1 35032.7 33865.4 29911.7 25199.8 34906.2 40402.2 37948.1 

Processing [kW]: 16098.3 13169.4 10077 10049.7 13238.1 10073.4 8253.78 11072.5 15261.9 19912.1 39059.4 37173.7 34790 34866.1 34747.9 37154.3 39055.5 38222.1 37229.2 33445.3 28560.7 38201.2 42969.5 40817.7 

C02comp [Kg]: 1471.93 1109.37 738.616 741.344 1097.95 740.039 442.771 168.013 231.55 304.731 759.09 686.469 607.964 610.334 609.351 689.224 765.617 728.226 686.465 570.75 457.82 729.105 954.003 842.735 

CO2trans [Kg]: 7482.19 6243.16 4880.54 4865.55 6281.48 4874.64 4041.26 5012.34 6615.03 8530.3 17096.7 16197 15057.1 15096 15064.9 16181 17102.2 16702.1 16209.6 14445.4 12257.4 16668.5 19008.8 17958.6 

CO2tot [Kg]: 8954.12 7352.53 5619.16 5606.89 7379.43 5614.68 4484.03 5180.36 6846.58 8835.03 17855.8 16883.5 15665.1 15706.3 15674.2 16870.2 17867.8 17430.3 16896 15016.1 12715.2 17397.6 19962.8 18801.3 

carico: 0.0656056 0.0528215 0.038329 0.0402342 0.0600749 0.0410385 0.0317275 0.0430815 0.0638078 0.0837608 0.18984 0.163382 0.142376 0.140255 0.138686 0.153296 0.166748 0.156174 0.146682 0.122224 0.0982008 0.154067 0.197872 0.171795 

------------------------------------------------------------------- 
PBloc: 0 0 0 0 0 0 0 0 0 0 0 0 0 0 0 0 0 0 0 0 0 0 0 0 

Green [kW]: 1.9741 0.766537 0.392281 0.0833398 0.29134 0.514844 0.674982 0.845529 0.686949 0.987343 2.72871 2.83354 2.8701 2.30693 3.01767 2.28202 2.61924 3.39659 3.14076 3.17972 2.07746 4.60417 4.01215 4.24834 

Brown [kW]: 0.258789 0.417513 0.208344 0.0556524 0.206379 0.117794 0 0.129394 0 0.0700865 0.205199 0.240162 0.167535 0.0869587 0.239842 0.207576 0.192551 0.343098 0.127355 0.3162 0.161343 0.288816 0.13431 0.360206 

Transport [kW]: 6.17775 4.082 2.88175 1.04575 1.291 2.72175 0.66375 1.1335 1.07125 1.585 5.805 5.705 5.277 3.75325 6.3705 5.5185 6.353 8.06425 5.5165 6.27275 3.549 9.94325 7.47175 10.4168 

EDFA [kW]: 4.24 2.728 1.84 0.736 0.928 1.752 0.392 0.696 0.616 0.968 3.448 3.448 3.344 2.208 4 3.52 3.912 4.952 3.336 3.848 2.128 6.328 4.472 6.536 

Processing [kW]: 1.93775 1.354 1.04175 0.30975 0.363 0.96975 0.27175 0.4375 0.45525 0.617 2.357 2.257 1.933 1.54525 2.3705 1.9985 2.441 3.11225 2.1805 2.42475 1.421 3.61525 2.99975 3.88075 

C02comp [Kg]: 0.0590039 0.095193 0.0475024 0.0126887 0.0470545 0.0268571 0 0.0295019 0 0.0159797 0.0467854 0.0547568 0.038198 0.0198266 0.054684 0.0473273 0.0439016 0.0782264 0.0290369 0.0720935 0.0367862 0.0658501 0.0306227 0.082127 

CO2trans [Kg]: 1.40853 0.930696 0.657039 0.238431 0.294348 0.620559 0.151335 0.258438 0.244245 0.36138 1.32354 1.30074 1.20316 0.855741 1.45247 1.25822 1.44848 1.83865 1.25776 1.43019 0.809172 2.26706 1.70356 2.37502 

CO2tot [Kg]: 1.46753 1.02589 0.704541 0.25112 0.341402 0.647416 0.151335 0.28794 0.244245 0.37736 1.37033 1.3555 1.24135 0.875568 1.50716 1.30555 1.49239 1.91688 1.2868 1.50228 0.845958 2.33291 1.73418 2.45715 

carico: 4.98866e-308 4.98866e-308 4.98866e-308 4.98866e-308 4.98866e-308 4.98866e-308 4.98866e-308 4.98866e-308 4.98866e-308 4.98866e-308 4.98866e-308 4.98866e-308 4.98866e-308 4.98866e-308 4.98866e-308 4.98866e-308 4.98866e-308 4.98866e-308 4.98866e-308 4.98866e-308 4.98866e-308 4.98866e-308 4.98866e-308 4.98866e-308 
------------------------------------------------------------------- 
PBloc: 0 0 0 0 0 0 0 0 0 0 0 0 0 0 0 0 0 0 0 0 0 0 0 0 

Green [kW]: 1.9741 0.766537 0.392281 0.0833398 0.29134 0.514844 0.674982 0.845529 0.686949 0.987343 2.72871 2.83354 2.8701 2.30693 3.01767 2.28202 2.61924 3.39659 3.14076 3.17972 2.07746 4.60417 4.01215 4.24834 

Brown [kW]: 0.258789 0.417513 0.208344 0.0556524 0.206379 0.117794 0 0.129394 0 0.0700865 0.205199 0.240162 0.167535 0.0869587 0.239842 0.207576 0.192551 0.343098 0.127355 0.3162 0.161343 0.288816 0.13431 0.360206 

Transport [kW]: 6.17775 4.082 2.88175 1.04575 1.291 2.72175 0.66375 1.1335 1.07125 1.585 5.805 5.705 5.277 3.75325 6.3705 5.5185 6.353 8.06425 5.5165 6.27275 3.549 9.94325 7.47175 10.4168 

EDFA [kW]: 4.24 2.728 1.84 0.736 0.928 1.752 0.392 0.696 0.616 0.968 3.448 3.448 3.344 2.208 4 3.52 3.912 4.952 3.336 3.848 2.128 6.328 4.472 6.536 

Processing [kW]: 1.93775 1.354 1.04175 0.30975 0.363 0.96975 0.27175 0.4375 0.45525 0.617 2.357 2.257 1.933 1.54525 2.3705 1.9985 2.441 3.11225 2.1805 2.42475 1.421 3.61525 2.99975 3.88075 

C02comp [Kg]: 0.0590039 0.095193 0.0475024 0.0126887 0.0470545 0.0268571 0 0.0295019 0 0.0159797 0.0467854 0.0547568 0.038198 0.0198266 0.054684 0.0473273 0.0439016 0.0782264 0.0290369 0.0720935 0.0367862 0.0658501 0.0306227 0.082127 

CO2trans [Kg]: 1.40853 0.930696 0.657039 0.238431 0.294348 0.620559 0.151335 0.258438 0.244245 0.36138 1.32354 1.30074 1.20316 0.855741 1.45247 1.25822 1.44848 1.83865 1.25776 1.43019 0.809172 2.26706 1.70356 2.37502 

CO2tot [Kg]: 1.46753 1.02589 0.704541 0.25112 0.341402 0.647416 0.151335 0.28794 0.244245 0.37736 1.37033 1.3555 1.24135 0.875568 1.50716 1.30555 1.49239 1.91688 1.2868 1.50228 0.845958 2.33291 1.73418 2.45715 

carico: 2.12267e-314 2.12267e-314 2.12267e-314 2.12267e-314 2.12267e-314 2.12267e-314 2.12267e-314 2.12267e-314 2.12267e-314 2.12267e-314 2.12267e-314 2.12267e-314 2.12267e-314 2.12267e-314 2.12267e-314 2.12267e-314 2.12267e-314 2.12267e-314 2.12267e-314 2.12267e-314 2.12267e-314 2.12267e-314 2.12267e-314 2.12267e-314 
------------------------------------------------------------------- 
PBloc: 0.0882763 0.0816876 0.0731209 0.0674889 0.0685001 0.0652633 0.0616109 0.0597419 0.0615139 0.0580716 0.0850188 0.0984221 0.0988767 0.0981403 0.0997733 0.101854 0.104606 0.107293 0.108527 0.107831 0.106631 0.104381 0.105973 0.106926 

Green [kW]: 12218.7 11773.8 10750.4 10725.9 11780.8 10756.7 9295.06 11390.7 14176.3 22369.7 33308.5 31144.2 35917.6 37037.5 33903 36191.5 37842.2 35217.4 35611.3 34308.5 30248.7 37910.2 35812.3 32729.3 

Brown [kW]: 11225 6209.44 1678.91 1629.25 6202.71 1675.18 229.763 1005.55 3830.33 2430.3 21289.3 18222.6 10642 9921.16 12040.9 15264.9 18899.4 18398.8 15576 9398.15 5431.75 18945.2 35493.2 30095.2 

Transport [kW]: 64892.7 56232.5 45110.4 44995.4 56369 45100.4 36228 45072.3 56503.8 79666.7 120230 113825 127970 131808 121332 130164 135656 126412 127882 122274 105344 129353 126730 115340 

EDFA [kW]: 37047.9 32392.8 25895 25787.8 32452.6 25839.2 20638.3 25888.6 32557 44807.5 67063.9 64025.7 70625.6 72454.8 66415.6 70908.3 73472.8 68329.4 69582.9 67185 57852.3 69354.8 67141.6 61545.7 

Processing [kW]: 27844.8 23839.7 19215.4 19207.5 23916.4 19261.2 15589.7 19183.7 23946.9 34859.2 53165.9 49799.5 57344.3 59352.8 54916.1 59255.5 62182.8 58082.5 58298.7 55089.4 47491.7 59997.8 59588.3 53793.8 

C02comp [Kg]: 2559.3 1415.75 382.791 371.468 1414.22 381.942 52.386 229.265 873.315 554.109 4853.96 4154.74 2426.39 2262.03 2745.34 3480.41 4309.06 4194.93 3551.32 2142.78 1238.44 4319.5 8092.45 6861.71 

CO2trans [Kg]: 14795.5 12821 10285.2 10258.9 12852.1 10282.9 8259.98 10276.5 12882.9 18164 27412.4 25952.1 29177.1 30052.1 27663.6 29677.3 30929.5 28821.9 29157 27878.6 24018.4 29492.4 28894.4 26297.4 

CO2tot [Kg]: 17354.8 14236.8 10668 10630.4 14266.4 10664.8 8312.36 10505.8 13756.2 18718.1 32266.4 30106.9 31603.5 32314.2 30409 33157.8 35238.5 33016.8 32708.3 30021.3 25256.9 33811.9 36986.9 33159.1 

carico: 0.109996 0.0888138 0.0642601 0.0673006 0.100513 0.0686591 0.0527917 0.0717083 0.106291 0.141956 0.311297 0.261219 0.231478 0.232178 0.230367 0.255812 0.27917 0.260904 0.245329 0.205405 0.165795 0.259923 0.329977 0.282793 
------------------------------------------------------------------- 
PBloc: 3.87687e-006 2.214e-006 1.71972e-006 1.40743e-006 1.10566e-006 9.66864e-007 8.83779e-007 7.93111e-007 6.87091e-007 5.83552e-007 0.000739368 0.000970198 0.000993392 0.00101654 0.00102822 0.00113589 0.00132445 0.00141614 0.00145697 0.00141487 0.00135323 0.00141661 0.00184111 0.00198759 

Green [kW]: 4278.54 3244.07 2151.72 2140.53 3248.39 2158.2 3245.38 7000.54 10472.8 14002.6 33035.1 30293.6 27447.1 27349.3 27364.1 30336.7 33120.5 31825.7 30411.7 25699 20971.3 31692.3 39137.7 35620 

Brown [kW]: 21469.5 16153.9 10825.5 10757.8 16126.3 10817.7 6503.4 5956.04 8968.9 11794.7 31511.6 27820.4 24319.6 24396.9 24360.7 27900.5 31606.9 29788.7 27784.3 22669.3 17970 29707.5 41581.5 35450.9 

Transport [kW]: 29444.2 22325.5 15318.5 15192.8 22343.8 15289.1 11699.1 15336.3 22383.5 29472.3 73493.4 66171.6 58583.4 58587 58608.7 66334 73848.6 70261.5 66146.7 54847.6 44082.9 69834 93780.4 81493 

EDFA [kW]: 13149.5 10079.3 7109.62 7045.79 10108.4 7087.31 5537.52 7126.74 10100.2 13176.7 32639.1 29380.5 25853.4 25843.1 25918.9 29426.9 32778.1 31178.1 29293.8 24250.4 19474.8 30990.9 42159.3 36378 

Processing [kW]: 16294.7 12246.2 8208.88 8147 12235.3 8201.78 6161.56 8209.57 12283.4 16295.6 40854.3 36791.1 32730 32743.8 32689.8 36907.1 41070.4 39083.4 36852.9 30597.2 24608.1 38843.1 51621 45115 

C02comp [Kg]: 4895.04 3683.08 2468.22 2452.78 3676.79 2466.43 1482.78 1357.98 2044.91 2689.2 7184.65 6343.06 5544.87 5562.5 5554.25 6361.31 7206.38 6791.83 6334.82 5168.59 4097.17 6773.31 9480.59 8082.8 

CO2trans [Kg]: 6713.27 5090.22 3492.62 3463.96 5094.38 3485.91 2667.39 3496.68 5103.44 6719.68 16756.5 15087.1 13357 13357.8 13362.8 15124.2 16837.5 16019.6 15081.5 12505.2 10050.9 15922.2 21381.9 18580.4 

CO2tot [Kg]: 11608.3 8773.3 5960.84 5916.74 8771.17 5952.34 4150.17 4854.66 7148.35 9408.87 23941.2 21430.2 18901.9 18920.3 18917 21485.5 24043.9 22811.5 21416.3 17673.8 14148.1 22695.5 30862.5 26663.2 

carico: 0.0463265 0.0347502 0.0231731 0.0231665 0.0347372 0.0231632 0.0173742 0.0231772 0.0347597 0.0463299 0.115879 0.104278 0.0926946 0.092678 0.0926685 0.104274 0.11594 0.110182 0.104382 0.0869707 0.0695759 0.110152 0.145131 0.12775 
------------------------------------------------------------------- 
PBloc: 0.0104482 0.00845082 0.00692017 0.005914 0.00589317 0.00535546 0.00492176 0.00456435 0.00435822 0.00385786 0.0200095 0.0252 0.0257022 0.0261169 0.0264405 0.0286843 0.0325738 0.0347649 0.0357258 0.0347269 0.0332924 0.0348226 0.0401094 0.0427711 

Green [kW]: 10373.8 8662.98 6322 6224.22 8709.5 6301.8 6495.12 10645.3 18406.7 24662.9 51187.7 49257.8 46517.3 46428.7 46437.8 49218.3 51171.7 50323.6 49292.2 44436.5 37023.9 50367.1 54478.7 52660.9 

Brown [kW]: 15106.6 10625.9 6636.26 6654.49 10550.5 6653.41 3250.81 2292.02 970.036 1107.31 9473.78 6285.56 3831.5 3889.08 3839.22 6448.1 9632.97 8024.44 6302.62 2999.85 1691.27 7825.6 19059.3 13164.3 

Transport [kW]: 41250 32192.9 22666.6 22301.8 32305.2 22542.5 17291.7 22669.7 38007 41889.2 115566 104055 91022.5 91117.7 91226.8 104178 115831 110436 104235 83963.1 64388 110094 140502 126041 

EDFA [kW]: 20593.4 16172.2 11592.3 11347.2 16275.5 11496.4 8905.57 11588.7 18911.3 19738.1 60191.6 53429.4 45601.9 45648.4 45832.6 53385.2 60351.1 57118.5 53478.6 41505.3 30690.8 56994.1 74526.5 66341.8 

Processing [kW]: 20656.6 16020.8 11074.3 10954.6 16029.8 11046.1 8386.17 11081 19095.7 22151.2 55374 50625.8 45420.6 45469.2 45394.2 50792.7 55480 53317.5 50756.1 42457.8 33697.1 53099.7 65975.4 59699.3 

C02comp [Kg]: 3444.3 2422.71 1513.07 1517.22 2405.52 1516.98 741.185 522.58 221.168 252.467 2160.02 1433.11 873.582 886.71 875.341 1470.17 2196.32 1829.57 1437 683.965 385.609 1784.24 4345.52 3001.47 

CO2trans [Kg]: 9405 7339.99 5167.98 5084.81 7365.59 5139.69 3942.52 5168.69 8665.6 9550.74 26349 23724.6 20753.1 20774.8 20799.7 23752.5 26409.5 25179.4 23765.5 19143.6 14680.5 25101.4 32034.4 28737.4 

CO2tot [Kg]: 12849.3 9762.7 6681.05 6602.03 9771.11 6656.67 4683.7 5691.27 8886.76 9803.21 28509 25157.7 21626.7 21661.5 21675 25222.7 28605.8 27009 25202.5 19827.5 15066.1 26885.6 36379.9 31738.8 

carico: 0.0697668 0.0533503 0.036155 0.0364605 0.0547306 0.0366692 0.0276277 0.037005 0.0573252 0.0764003 0.193043 0.174915 0.156177 0.156679 0.157061 0.177097 0.196867 0.187239 0.177621 0.148075 0.118344 0.187484 0.245555 0.215818 
------------------------------------------------------------------- 
PBloc: 0.000678452 0.000425087 0.000330187 0.000270226 0.000239928 0.000209809 0.00019178 0.000172105 0.000149099 0.000126631 0.00483195 0.00611877 0.00582314 0.00563909 0.00553918 0.00649622 0.00839303 0.00942328 0.00981298 0.00929826 0.00883689 0.00936456 0.0116339 0.0126248 

Green [kW]: 9683.3 7927.64 5825.66 5755.67 7999.57 5820.07 6263.16 10244.3 17698.1 24514.4 49915.8 47749.7 43887.5 43808.7 43977.9 48115.4 50475.2 49535 48238.2 40958.1 34198.4 49242.8 53651.9 51646.5 

Brown [kW]: 16045.1 11469.3 7151.59 7142.67 11372.1 7155.8 3485.62 2712.25 1743.62 1282.93 13681 9812 7717.91 7763.86 7558.2 9438.86 12909.3 11046.3 9245.25 7359.69 4747.77 11316.6 24720 17874.8 

Transport [kW]: 39747.5 31266 22143.8 21874.4 31409.4 22080.5 17109.1 22167 38208 44899.1 104841 96907.4 88462.6 88770.1 89153.8 99047.2 108641 104452 98991.9 84992.5 72715.9 102043 126927 113223 

EDFA [kW]: 19469.2 15580.1 11335.7 11163.1 15684.7 11281.1 8853.69 11355.7 19504.1 22192 52109 48033 43783.5 43986.4 44264.4 49403.9 54653.8 52411.4 49381.1 42446.5 37185 50815.9 63793.5 56494.5 

Processing [kW]: 20278.3 15685.9 10808.1 10711.3 15724.7 10799.5 8255.42 10811.3 18703.9 22707.1 52731.5 48874.4 44679.1 44783.7 44889.3 49643.3 53987.3 52041 49610.8 42546 35530.9 51227 63133.9 56728.7 

C02comp [Kg]: 3658.29 2615.01 1630.56 1628.53 2592.84 1631.52 794.722 618.394 397.546 292.507 3119.27 2237.14 1759.68 1770.16 1723.27 2152.06 2943.31 2518.55 2107.92 1678.01 1082.49 2580.19 5636.17 4075.46 

CO2trans [Kg]: 9062.44 7128.65 5048.79 4987.35 7161.34 5034.36 3900.88 5054.08 8711.43 10237 23903.6 22094.9 20169.5 20239.6 20327.1 22582.8 24770.2 23815.2 22570.2 19378.3 16579.2 23265.8 28939.4 25814.9 

CO2tot [Kg]: 12720.7 9743.65 6679.36 6615.88 9754.18 6665.88 4695.6 5672.47 9108.98 10529.5 27022.9 24332 21929.2 22009.7 22050.3 24734.8 27713.5 26333.7 24678.1 21056.3 17661.7 25846 34575.6 29890.3 

carico: 0.0674786 0.0515507 0.0349156 0.0352153 0.0529013 0.035443 0.0267252 0.0357867 0.0554775 0.0748403 0.184968 0.16667 0.149128 0.149886 0.150562 0.1696 0.188127 0.17874 0.169493 0.141716 0.114013 0.180163 0.234794 0.205466 
------------------------------------------------------------------- 
PBloc: 0.0882763 0.0816876 0.0731209 0.0674889 0.0685001 0.0652633 0.0616109 0.0597419 0.0615139 0.0580716 0.0850188 0.0984221 0.0988767 0.0981403 0.0997733 0.101854 0.104606 0.107293 0.108527 0.107831 0.106631 0.104381 0.105973 0.106926 

Green [kW]: 12218.7 11773.8 10750.4 10725.9 11780.8 10756.7 9295.06 11390.7 14176.3 22369.7 33308.5 31144.2 35917.6 37037.5 33903 36191.5 37842.2 35217.4 35611.3 34308.5 30248.7 37910.2 35812.3 32729.3 

Brown [kW]: 11225 6209.44 1678.91 1629.25 6202.71 1675.18 229.763 1005.55 3830.33 2430.3 21289.3 18222.6 10642 9921.16 12040.9 15264.9 18899.4 18398.8 15576 9398.15 5431.75 18945.2 35493.2 30095.2 

Transport [kW]: 64786.4 56420.4 45280 44989.2 56258.9 45129.8 36193.6 45230.5 56441.4 79638.1 120238 113337 127868 131476 121148 129876 136086 126371 127561 122026 105666 129186 126663 115224 

EDFA [kW]: 37013.9 32529.5 26011.1 25742.8 32376.2 25850.4 20579.3 25988.7 32552.8 44768.5 67072.5 63733.3 70586.8 72255.3 66266.9 70739.8 73748.2 68287.7 69367.6 67101.3 58044.4 69264 67091.3 61471.4 

Processing [kW]: 27772.5 23890.9 19268.9 19246.3 23882.8 19279.5 15614.4 19241.8 23888.6 34869.6 53165 49603.3 57281 59221.2 54881.1 59136.3 62337.4 58083 58193.7 54924.8 47621.7 59922 59572.1 53752.6 

C02comp [Kg]: 2559.3 1415.75 382.791 371.468 1414.22 381.942 52.386 229.265 873.315 554.109 4853.96 4154.74 2426.39 2262.03 2745.34 3480.41 4309.06 4194.93 3551.32 2142.78 1238.44 4319.5 8092.45 6861.71 

CO2trans [Kg]: 14771.3 12863.9 10323.8 10257.5 12827 10289.6 8252.15 10312.5 12868.6 18157.5 27414.2 25840.8 29153.8 29976.6 27621.8 29611.7 31027.5 28812.5 29084 27821.9 24091.9 29454.4 28879.3 26271.1 

CO2tot [Kg]: 17330.6 14279.6 10706.6 10629 14241.3 10671.5 8304.54 10541.8 13742 18711.6 32268.1 29995.5 31580.2 32238.7 30367.1 33092.2 35336.6 33007.5 32635.3 29964.7 25330.3 33773.9 36971.7 33132.8 

carico: 0.109996 0.0888138 0.0642601 0.0673006 0.100513 0.0686591 0.0527917 0.0717083 0.106291 0.141956 0.311297 0.261219 0.231478 0.232178 0.230367 0.255812 0.27917 0.260904 0.245329 0.205405 0.165795 0.259923 0.329977 0.282793 