
------------------------------------------------------------------- 
SP

AR  	delay  	Pb		PTot	PGreen  	PBrown 	     PTran	     PEDFA	     PProc	 ConnBlock	  ConnProv	  Tot Hop

180	0.005	0.00198581	3813.14	  476.247	  516.243	  2820.65	  506.097	  2314.55	19776	9.92918e+006	8.73714e+006


PBloc: 3.87687e-006 2.214e-006 1.71972e-006 1.40743e-006 1.10566e-006 9.66864e-007 8.83779e-007 7.93111e-007 6.87091e-007 5.83552e-007 0.000739368 0.000970198 0.000993392 0.00101654 0.00102822 0.00113589 0.00132445 0.00141614 0.00145697 0.00141487 0.00135323 0.00141661 0.00184111 0.00198759 

Green [kW]: 4278.54 3244.07 2151.72 2140.53 3248.39 2158.2 3245.38 7000.54 10472.8 14002.6 33035.1 30293.6 27447.1 27349.3 27364.1 30336.7 33120.5 31825.7 30411.7 25699 20971.3 31692.3 39137.7 35620 

Brown [kW]: 21469.5 16153.9 10825.5 10757.8 16126.3 10817.7 6503.4 5956.04 8968.9 11794.7 31511.6 27820.4 24319.6 24396.9 24360.7 27900.5 31606.9 29788.7 27784.3 22669.3 17970 29707.5 41581.5 35450.9 

Transport [kW]: 73023.2 55081.6 37225 37006.8 55053 37208.6 28168.9 37262.7 55189.7 72992.7 183150 164820 146199 146225 146096 165208 183983 174939 164978 136717 109863 174110 233257 202828 

EDFA [kW]: 13149.5 10079.3 7109.62 7045.79 10108.4 7087.31 5537.52 7126.74 10100.2 13176.7 32639.1 29380.5 25853.4 25843.1 25918.9 29426.9 32778.1 31178.1 29293.8 24250.4 19474.8 30990.9 42159.3 36378 

Processing [kW]: 59873.7 45002.3 30115.3 29961 44944.6 30121.2 22631.4 30136 45089.5 59816 150511 135440 120346 120382 120177 135782 151204 143760 135685 112467 90388.6 143119 191097 166450 

C02comp [Kg]: 4895.04 3683.08 2468.22 2452.78 3676.79 2466.43 1482.78 1357.98 2044.91 2689.2 7184.65 6343.06 5544.87 5562.5 5554.25 6361.31 7206.38 6791.83 6334.82 5168.59 4097.17 6773.31 9480.59 8082.8 

CO2trans [Kg]: 16649.3 12558.6 8487.29 8437.55 12552.1 8483.55 6422.51 8495.89 12583.3 16642.3 41758.3 37579 33333.5 33339.2 33310 37667.5 41948 39886 37615.1 31171.6 25048.8 39697.1 53182.5 46244.9 

CO2tot [Kg]: 21544.3 16241.7 10955.5 10890.3 16228.9 10950 7905.29 9853.87 14628.2 19331.5 48943 43922.1 38878.3 38901.7 38864.2 44028.8 49154.4 46677.8 43949.9 36340.2 29146 46470.4 62663.1 54327.7 

carico: 0.0463265 0.0347502 0.0231731 0.0231665 0.0347372 0.0231632 0.0173742 0.0231772 0.0347597 0.0463299 0.115879 0.104278 0.0926946 0.092678 0.0926685 0.104274 0.11594 0.110182 0.104382 0.0869707 0.0695759 0.110152 0.145131 0.12775 
------------------------------------------------------------------- 
BGD

AR  	delay  	Pb		PTot	PGreen  	PBrown 	     PTran	     PEDFA	     PProc	 ConnBlock	  ConnProv	  Tot Hop

180	0.005	0.106829	6508.07	  612.42	  275.735	  5619.92	  1248.46	  4371.46	1.0638e+006	8.88515e+006	1.93313e+007

PBloc: 0.0882763 0.0816876 0.0731209 0.0674889 0.0685001 0.0652633 0.0616109 0.0597419 0.0615139 0.0580716 0.0850188 0.0984221 0.0988767 0.0981403 0.0997733 0.101854 0.104606 0.107293 0.108527 0.107831 0.106631 0.104381 0.105973 0.106926 

Green [kW]: 12218.7 11773.8 10750.4 10725.9 11780.8 10756.7 9295.06 11390.7 14176.3 22369.7 33308.5 31144.2 35917.6 37037.5 33903 36191.5 37842.2 35217.4 35611.3 34308.5 30248.7 37910.2 35812.3 32729.3 

Brown [kW]: 11225 6209.44 1678.91 1629.25 6202.71 1675.18 229.763 1005.55 3830.33 2430.3 21289.3 18222.6 10642 9921.16 12040.9 15264.9 18899.4 18398.8 15576 9398.15 5431.75 18945.2 35493.2 30095.2 

Transport [kW]: 157963 138525 113146 112904 138309 113084 91516 113006 138516 198845 289762 272888 319639 330590 303938 325335 340207 316060 319663 306647 267214 322885 308543 280652 

EDFA [kW]: 37013.9 32529.5 26011.1 25742.8 32376.2 25850.4 20579.3 25988.7 32552.8 44768.5 67072.5 63733.3 70586.8 72255.3 66266.9 70739.8 73748.2 68287.7 69367.6 67101.3 58044.4 69264 67091.3 61471.4 

Processing [kW]: 120949 105996 87134.7 87161.1 105933 87233.4 70936.7 87016.9 105964 154076 222690 209154 249053 258335 237671 254595 266459 247773 250295 239546 209170 253621 241452 219181 

C02comp [Kg]: 2559.3 1415.75 382.791 371.468 1414.22 381.942 52.386 229.265 873.315 554.109 4853.96 4154.74 2426.39 2262.03 2745.34 3480.41 4309.06 4194.93 3551.32 2142.78 1238.44 4319.5 8092.45 6861.71 

CO2trans [Kg]: 36015.6 31583.8 25797.2 25742.1 31534.5 25783.1 20865.6 25765.3 31581.7 45336.6 66065.8 62218.4 72877.8 75374.5 69297.9 74176.3 77567.1 72061.7 72883.1 69915.5 60924.9 73617.8 70347.8 63988.7 

CO2tot [Kg]: 38574.9 32999.5 26180 26113.6 32948.7 26165 20918 25994.5 32455.1 45890.7 70919.7 66373.1 75304.2 77636.5 72043.2 77656.7 81876.2 76256.7 76434.4 72058.3 62163.3 77937.3 78440.2 70850.4 

carico: 0.109996 0.0888138 0.0642601 0.0673006 0.100513 0.0686591 0.0527917 0.0717083 0.106291 0.141956 0.311297 0.261219 0.231478 0.232178 0.230367 0.255812 0.27917 0.260904 0.245329 0.205405 0.165795 0.259923 0.329977 0.282793 
------------------------------------------------------------------- 
SWEAR


AR  	delay  	Pb		PTot	PGreen  	PBrown 	     PTran	     PEDFA	     PProc	 ConnBlock	  ConnProv	  Tot Hop

180	0.005	0.00166016	3842.09	  513.052	  479.766	  2849.27	  526.538	  2322.73	16534	9.93242e+006	9.06315e+006


PBloc: 0.0882763 0.0816876 0.0731209 0.0674889 0.0685001 0.0652633 0.0616109 0.0597419 0.0615139 0.0580716 0.0850188 0.0984221 0.0988767 0.0981403 0.0997733 0.101854 0.104606 0.107293 0.108527 0.107831 0.106631 0.104381 0.105973 0.106926 

Green [kW]: 12218.7 11773.8 10750.4 10725.9 11780.8 10756.7 9295.06 11390.7 14176.3 22369.7 33308.5 31144.2 35917.6 37037.5 33903 36191.5 37842.2 35217.4 35611.3 34308.5 30248.7 37910.2 35812.3 32729.3 

Brown [kW]: 11225 6209.44 1678.91 1629.25 6202.71 1675.18 229.763 1005.55 3830.33 2430.3 21289.3 18222.6 10642 9921.16 12040.9 15264.9 18899.4 18398.8 15576 9398.15 5431.75 18945.2 35493.2 30095.2 

Transport [kW]: 157963 138525 113146 112904 138309 113084 91516 113006 138516 198845 289762 272888 319639 330590 303938 325335 340207 316060 319663 306647 267214 322885 308543 280652 

EDFA [kW]: 37013.9 32529.5 26011.1 25742.8 32376.2 25850.4 20579.3 25988.7 32552.8 44768.5 67072.5 63733.3 70586.8 72255.3 66266.9 70739.8 73748.2 68287.7 69367.6 67101.3 58044.4 69264 67091.3 61471.4 

Processing [kW]: 120949 105996 87134.7 87161.1 105933 87233.4 70936.7 87016.9 105964 154076 222690 209154 249053 258335 237671 254595 266459 247773 250295 239546 209170 253621 241452 219181 

C02comp [Kg]: 2559.3 1415.75 382.791 371.468 1414.22 381.942 52.386 229.265 873.315 554.109 4853.96 4154.74 2426.39 2262.03 2745.34 3480.41 4309.06 4194.93 3551.32 2142.78 1238.44 4319.5 8092.45 6861.71 

CO2trans [Kg]: 36015.6 31583.8 25797.2 25742.1 31534.5 25783.1 20865.6 25765.3 31581.7 45336.6 66065.8 62218.4 72877.8 75374.5 69297.9 74176.3 77567.1 72061.7 72883.1 69915.5 60924.9 73617.8 70347.8 63988.7 

CO2tot [Kg]: 38574.9 32999.5 26180 26113.6 32948.7 26165 20918 25994.5 32455.1 45890.7 70919.7 66373.1 75304.2 77636.5 72043.2 77656.7 81876.2 76256.7 76434.4 72058.3 62163.3 77937.3 78440.2 70850.4 

carico: 0.109996 0.0888138 0.0642601 0.0673006 0.100513 0.0686591 0.0527917 0.0717083 0.106291 0.141956 0.311297 0.261219 0.231478 0.232178 0.230367 0.255812 0.27917 0.260904 0.245329 0.205405 0.165795 0.259923 0.329977 0.282793 
------------------------------------------------------------------- 
GEAR

AR  	delay  	Pb		PTot	PGreen  	PBrown 	     PTran	     PEDFA	     PProc	 ConnBlock	  ConnProv	  Tot Hop

180	0.005	0.00200986	3813.18	  476.782	  515.688	  2820.71	  506.155	  2314.56	20016	9.92894e+006	8.73724e+006



PBloc: 3.87687e-006 2.214e-006 1.71972e-006 1.40743e-006 1.10566e-006 9.66864e-007 8.83779e-007 7.93111e-007 6.87091e-007 5.83552e-007 0.000602934 0.000776566 0.000786568 0.000793994 0.000798393 0.000886636 0.00104948 0.00112491 0.00114917 0.0011117 0.00106196 0.00111434 0.00152374 0.00166172 

Green [kW]: 4278.54 3244.07 2151.72 2140.53 3248.39 2158.2 3245.38 7000.54 11318.6 15051.1 35825 32823.3 29664 29550.9 29610.3 32866.7 35877.6 34446.2 32941.1 27767.2 22598.1 34292.7 42367.5 38584.3 

Brown [kW]: 21469.5 16153.9 10825.5 10757.8 16126.3 10817.7 6503.4 5956.04 8123.15 10746.3 28754.2 25315.6 22118.9 22211.2 22130.8 25394.6 28880.5 27193.9 25280.9 20612.2 16345.7 27137.7 38394.9 32515.9 

Transport [kW]: 73022.9 55081.7 37225 37006.8 55053 37208.5 28168.9 37262.4 56110.6 74135.4 185125 166673 148032 148065 148020 167057 185905 176820 166832 138501 111512 175962 235551 204877 

EDFA [kW]: 13149.2 10079.4 7109.62 7045.77 10108.4 7087.22 5537.48 7126.47 10729.3 13957.8 34086.9 30696.7 27119.8 27114.7 27235.4 30740.1 34184.5 32555.5 30601.2 25467.7 20596.1 32298.1 43966.5 37933.8 

Processing [kW]: 59873.7 45002.3 30115.3 29961 44944.6 30121.2 22631.4 30136 45381.3 60177.6 151038 135976 120912 120951 120785 136317 151721 144265 136231 113033 90916.3 143664 191584 166943 

C02comp [Kg]: 4895.04 3683.08 2468.22 2452.78 3676.79 2466.43 1482.78 1357.98 1852.08 2450.15 6555.95 5771.95 5043.1 5064.16 5045.81 5789.96 6584.76 6200.22 5764.04 4699.59 3726.81 6187.4 8754.03 7413.63 

CO2trans [Kg]: 16649.2 12558.6 8487.29 8437.54 12552.1 8483.53 6422.5 8495.83 12793.2 16902.9 42208.5 38001.4 33751.3 33758.9 33748.6 38089 42386.4 40315 38037.7 31578.1 25424.8 40119.4 53705.6 46711.9 

CO2tot [Kg]: 21544.3 16241.7 10955.5 10890.3 16228.9 10950 7905.28 9853.81 14645.3 19353 48764.4 43773.4 38794.4 38823.1 38794.4 43879 48971.2 46515.2 43801.8 36277.7 29151.6 46306.8 62459.6 54125.5 

carico: 0.0463265 0.0347502 0.0231731 0.0231665 0.0347372 0.0231632 0.0173742 0.0231772 0.0349739 0.046902 0.118285 0.106909 0.0953037 0.0954844 0.0956387 0.107755 0.119917 0.114042 0.108113 0.0901332 0.0721436 0.114259 0.150542 0.132537 
------------------------------------------------------------------- 
PBloc: 3.87687e-006 2.214e-006 1.71972e-006 1.40743e-006 1.10566e-006 9.66864e-007 8.83779e-007 7.93111e-007 6.87091e-007 5.83552e-007 0.000746571 0.000977332 0.000999747 0.00102257 0.00103422 0.0011412 0.00133283 0.00142307 0.00146361 0.00142107 0.00135912 0.00142326 0.00186493 0.00201171 

Green [kW]: 4278.54 3244.07 2151.72 2140.53 3248.39 2158.2 3245.38 7000.54 10472.8 14002.6 33073.1 30310 27453.1 27353.2 27369.2 30352 33164.8 31846.3 30425.4 25700.7 20971.6 31713.8 39388.7 35717 

Brown [kW]: 21469.5 16153.9 10825.5 10757.8 16126.3 10817.7 6503.4 5956.04 8968.9 11794.7 31471.5 27803.4 24313.6 24392.8 24355.4 27885.3 31561.8 29768.4 27771.5 22667.6 17969.7 29685.1 41316.6 35351.3 

Transport [kW]: 73023.2 55081.6 37225 37006.8 55053.4 37208.8 28169 37262.7 55189.7 72992.6 183153 164814 146196 146225 146095 165203 183988 174943 164980 136716 109863 174111 233285 202867 

EDFA [kW]: 13149.5 10079.3 7109.62 7045.77 10108.8 7087.58 5537.56 7126.74 10100.2 13176.6 32650.6 29376.2 25850.6 25843.2 25918.8 29421.4 32780.6 31180.5 29290.7 24249.4 19474.5 30991.2 42184.3 36410.7 

Processing [kW]: 59873.7 45002.3 30115.3 29961 44944.6 30121.2 22631.4 30136 45089.5 59816 150503 135438 120345 120381 120177 135781 151207 143762 135690 112467 90388.6 143120 191101 166456 

C02comp [Kg]: 4895.04 3683.08 2468.22 2452.78 3676.79 2466.43 1482.78 1357.98 2044.91 2689.2 7175.49 6339.18 5543.51 5561.56 5553.04 6357.84 7196.1 6787.21 6331.9 5168.21 4097.1 6768.2 9420.19 8060.1 

CO2trans [Kg]: 16649.3 12558.6 8487.29 8437.54 12552.2 8483.61 6422.52 8495.89 12583.3 16642.3 41759 37577.5 33332.7 33339.2 33309.7 37666.2 41949.3 39886.9 37615.5 31171.3 25048.8 39697.3 53189 46253.7 

CO2tot [Kg]: 21544.3 16241.7 10955.5 10890.3 16229 10950 7905.3 9853.87 14628.2 19331.5 48934.5 43916.7 38876.2 38900.8 38862.8 44024 49145.4 46674.1 43947.4 36339.5 29145.9 46465.5 62609.2 54313.8 

carico: 0.0463265 0.0347502 0.0231731 0.0231665 0.0347372 0.0231632 0.0173742 0.0231772 0.0347597 0.0463299 0.115876 0.104276 0.0926929 0.0926766 0.0926672 0.104273 0.115939 0.110182 0.104382 0.0869705 0.0695758 0.110151 0.145132 0.12775 