SHORTEST PATH

AR  	delay  	Pb	PTot	PGreen  	PBrown 	     PTran	 ConnBlock	  ConnProv

130	0.005	0.000653957	948.318	  8.18324	  3.0441	  937.091	7347	1.12274e+007


PBloc: 0.000652491 0.000684706 0.000681623 0.00065001 0.000647918 0.000641012 0.000644791 0.000646848 0.000641277 0.000648503 0.000652147 0.000654377 0.000655554 0.000657091 0.000655046 0.000654465 0.000653134 0.00064989 0.000650733 0.000653349 0.000653323 0.000652483 0.00065353 0.000653957 

Green [kW]: 215.225 216.184 216.242 215.336 216.106 168.036 206.93 286.174 353.274 383.287 412.853 359.764 301.743 312.912 341.068 390.822 416.6 467.202 469.775 432.93 448.288 440.079 451.403 461.007 

Brown [kW]: 250.378 250.821 251.263 251 251.105 299.888 260.205 182.362 114.002 84.536 55.987 108.342 166.85 156.494 126.385 76.555 51.559 0 0 34.687 20.149 27.477 16.83 7.225 

Transport [kW]: 38896.5 39051.2 38981.9 38948.9 38957.5 39078.4 38976 39164.7 38912.7 39089.7 39100.9 39060.5 39124.2 39262.3 38997.4 39029.9 39090.7 39005.2 39229.7 39019.9 39046.8 38948.1 39052.7 39057.3 

EDFA [kW]: 23266.7 23379.8 23305.9 23315.4 23325.2 23374.9 23310.3 23437.4 23268.8 23399.8 23387 23367.1 23409.6 23496.2 23323.1 23364.4 23392.8 23342.8 23484.1 23334.9 23365.8 23279.9 23354.8 23358.5 

C02comp [Kg]: 57.0862 57.1872 57.288 57.228 57.2519 68.3745 59.3267 41.5785 25.9925 19.2742 12.765 24.702 38.0418 35.6806 28.8158 17.4545 11.7555 0 0 7.90864 4.59397 6.26476 3.83724 1.6473 

CO2trans [Kg]: 8868.4 8903.67 8887.87 8880.34 8882.31 8909.88 8886.52 8929.54 8872.09 8912.45 8915.01 8905.79 8920.33 8951.81 8891.42 8898.83 8912.69 8893.18 8944.38 8896.53 8902.66 8880.17 8904.02 8905.07 

CO2tot [Kg]: 8925.48 8960.85 8945.16 8937.57 8939.57 8978.26 8945.85 8971.12 8898.09 8931.73 8927.77 8930.49 8958.37 8987.49 8920.23 8916.28 8924.44 8893.18 8944.38 8904.43 8907.25 8886.43 8907.86 8906.72 



AR  	delay  	Pb	PTot	PGreen  	PBrown 	     PTran	 ConnBlock	  ConnProv

150	0.005	0.00135211 	1097.01	  8.66107	  4.28406	  1084.06	17527	1.29453e+007


PBloc: 0.00127529 0.00133562 0.00133601 0.00134049 0.00132798 0.00132966 0.00133824 0.00133925 0.00135029 0.00135202 0.00135247 0.00135799 0.0013554 0.00134936 0.00134833 0.00135304 0.00135196 0.00135505 0.00135476 0.00134798 0.00134986 0.00134998 0.00135253 0.00135211 

Green [kW]: 251.018 251.381 251.817 251.236 162.253 142.162 226.313 259.428 344.909 377.982 417.23 388.44 336.961 347.575 388.742 443.816 478.312 523.348 509.902 484.598 483.876 468.166 458.972 412.633 

Brown [kW]: 286.212 287.355 286.81 286.46 376.94 396.71 314.147 279.086 195.2 162.392 122.939 152.203 202.237 191.541 151.063 96.262 61.915 15.841 29.569 55.183 56.024 71.514 81.243 125.214 

Transport [kW]: 45057.3 45152 45054.4 45055.9 45144.8 45102.6 45326.9 44994 45282.8 45221.7 45252.8 45365.9 45101.6 45128.8 45199.6 45183.2 45335.2 45073.6 45122.9 45178.5 45210.3 45101.3 45271.3 45129.2 

EDFA [kW]: 27002.8 27048.9 26979.3 26999.2 27051.4 27007.3 27160.1 26941.8 27136.1 27095.4 27110.1 27185.8 26995 27032.7 27073.8 27057.6 27185 26995.6 27015.7 27054.5 27070.7 27003.3 27134.9 27050.5 

C02comp [Kg]: 65.2563 65.5169 65.3927 65.3129 85.9423 90.4499 71.6255 63.6316 44.5056 37.0254 28.0301 34.7023 46.11 43.6713 34.4424 21.9477 14.1166 3.61175 6.74173 12.5817 12.7735 16.3052 18.5234 28.5488 

CO2trans [Kg]: 10273.1 10294.7 10272.4 10272.7 10293 10283.4 10334.5 10258.6 10324.5 10310.5 10317.6 10343.4 10283.2 10289.4 10305.5 10301.8 10336.4 10276.8 10288 10300.7 10308 10283.1 10321.9 10289.5 

CO2tot [Kg]: 10338.3 10360.2 10337.8 10338.1 10379 10373.8 10406.2 10322.3 10369 10347.6 10345.7 10378.1 10329.3 10333 10339.9 10323.7 10350.5 10280.4 10294.8 10313.3 10320.7 10299.4 10340.4 10318 



AR  	delay  	Pb	PTot	PGreen  	PBrown 	     PTran	 ConnBlock	  ConnProv

180	0.005	0.00284068 	1325.79	  8.99905	  6.51393	  1310.28	44194	1.55132e+007


PBloc: 0.00268789 0.00272509 0.00270531 0.00272187 0.00275241 0.00278033 0.002799 0.00280459 0.00280525 0.0028106 0.00281954 0.00280915 0.0028052 0.00281495 0.00282069 0.00281964 0.002826 0.00282755 0.00283192 0.00283268 0.00283009 0.00283053 0.00283303 0.00284068 

Green [kW]: 306.28 305.674 287.825 215.209 120.531 154.958 179.523 235 340 388.927 450.885 420.486 388.347 398.909 453.926 512.991 544.35 569.331 538.671 518.368 492.176 421.134 373.955 381.596 

Brown [kW]: 337.843 339.845 356.808 431.033 524.674 492.227 466.504 411.971 306.818 259.531 195.23 225.335 257.827 249.231 192.585 133.602 102.362 77.756 107.788 126.736 153.582 227.087 273.08 264.47 

Transport [kW]: 54513.4 54549 54421.4 54576.6 54505.7 54665.2 54608.5 54625.1 54617.6 54852.3 54541.1 54590.4 54509.6 54844.2 54473.1 54534.4 54654.3 54642.3 54606.5 54573 54544.6 54635.7 54562.2 54616.3 

EDFA [kW]: 32773.6 32772.6 32696 32803.7 32761 32845.8 32843.6 32816.8 32821.3 32968.1 32769.2 32810.2 32736.1 32978.1 32716.4 32749.9 32841.3 32829.3 32829.5 32809.5 32760.4 32820.8 32783.4 32811 

C02comp [Kg]: 77.0282 77.4847 81.3522 98.2755 119.626 112.228 106.363 93.9294 69.9545 59.1731 44.5124 51.3764 58.7846 56.8247 43.9094 30.4613 23.3385 17.7284 24.5757 28.8958 35.0167 51.7758 62.2622 60.2992 

CO2trans [Kg]: 12429.1 12437.2 12408.1 12443.5 12427.3 12463.7 12450.7 12454.5 12452.8 12506.3 12435.4 12446.6 12428.2 12504.5 12419.9 12433.8 12461.2 12458.4 12450.3 12442.6 12436.2 12456.9 12440.2 12452.5 

CO2tot [Kg]: 12506.1 12514.7 12489.4 12541.7 12546.9 12575.9 12557.1 12548.5 12522.8 12565.5 12479.9 12498 12487 12561.3 12463.8 12464.3 12484.5 12476.2 12474.8 12471.5 12471.2 12508.7 12502.4 12512.8 




----------------------------------------------------------------------------------------------

SHORTEST PATH TASSO VARIABILE CON COSTO SWITCHING MODIFICATO
  
AR  	delay  	Pb	        PTot	   PGreen  	  PBrown 	    PTran    ConnBlock	    ConnProv

150	0.005	0.000925242	456.356	  7.69015	  0.590597	  448.075	7681	  8.28092e+006


PBloc: 0 0 0 0 0 0 0 0 0 0 0.000344758 0.000432636 0.000429902 0.000430604 0.000424943 0.000467596 0.000576881 0.000626843 0.000642097 0.000618525 0.000590474 0.000620429 0.000843133 0.000926594 

Green [kW]: 98.439 74.184 49.007 49.734 74.231 49.233 50.337 87.489 134.966 199.871 507.832 485.429 431.792 431.702 432.298 485.307 538.748 513.897 486.031 405.882 325.789 512.188 672.456 593.304 

Brown [kW]: 116.18 87.691 58.42 58.614 87.323 58.39 30.607 20.64 26.836 16.109 29.787 0 0 0 0 0 0 0 0 0 0 0 0 0 

Transport [kW]: 11861.1 9146.42 6363.42 6444.36 9152.24 6389.16 5022.43 6361.42 9145.9 11872.5 28704.4 25892 22968.6 22939.1 23010.2 25820.8 28834.7 27418.5 25933.7 21645.7 17491.6 27286.5 36497.2 31865 

EDFA [kW]: 11153.1 8612.59 6009.99 6087.06 8619.86 6034.38 4755.62 6005.62 8612.43 11161 26931.2 24291.9 21545.5 21516.4 21584.5 24221.8 27056.9 25724.2 24331 20308.6 16416.7 25597.2 34273.3 29906.2 

C02comp [Kg]: 26.489 19.9935 13.3198 13.364 19.9096 13.3129 6.9784 4.70592 6.11861 3.67285 6.79144 0 0 0 0 0 0 0 0 0 0 0 0 0 

CO2trans [Kg]: 2704.32 2085.38 1450.86 1469.31 2086.71 1456.73 1145.11 1450.4 2085.26 2706.92 6544.61 5903.37 5236.83 5230.13 5246.33 5887.13 6574.3 6251.43 5912.87 4935.21 3988.09 6221.31 8321.35 7265.22 

CO2tot [Kg]: 2730.81 2105.38 1464.18 1482.68 2106.62 1470.04 1152.09 1455.11 2091.38 2710.59 6551.4 5903.37 5236.83 5230.13 5246.33 5887.13 6574.3 6251.43 5912.87 4935.21 3988.09 6221.31 8321.35 7265.22



AR  	delay  	Pb	        PTot	PGreen  	PBrown 	       PTran	     ConnBlock	  ConnProv

200	0.005	0.00294438	613.02	  9.06358	  1.95821	  601.998	32598	1.1022e+007


PBloc: 1.39527e-005 7.97167e-006 6.19203e-006 5.06496e-006 3.97825e-006 3.47996e-006 3.18148e-006 2.85478e-006 2.47397e-006 6.82915e-006 0.00109779 0.00145501 0.00151184 0.00154542 0.00158532 0.00172208 0.00199417 0.00212904 0.002178 0.00212499 0.00203733 0.00214829 0.00272874 0.0029486 

Green [kW]: 131.332 98.605 65.888 66.203 98.683 65.678 67.595 110.019 179.893 258.621 657.362 622.595 575.784 574.75 502.262 613.129 677.73 628.475 587.441 478.949 413.087 499.068 579.796 510.636 

Brown [kW]: 155.346 116.49 78.327 77.544 117.046 78.294 40.24 33.866 35.783 28.138 59.613 22.855 0 0 73.501 33.811 40.869 53.945 58.443 61.196 19.477 182.901 312.872 277.654 

Transport [kW]: 15464.4 11846.7 8254.18 8264.98 11853.1 8204.85 6430.41 8231.33 11814.9 15451 39172.5 34946.2 30897.6 30833.5 30937.3 34945.9 39305.2 37030.8 34929.2 28878.8 23081.8 37051.3 50546.7 43614.2 

EDFA [kW]: 14518.5 11138.5 7778.77 7790.99 11142.4 7730.61 6074.86 7757.34 11105 14505.9 36797.7 32812.4 28996.7 28937.7 29036.5 32807.8 36922.9 34772.9 32794.7 27096.7 21656.5 34793.8 47555.2 40992.1 

C02comp [Kg]: 35.4189 26.5597 17.8586 17.68 26.6865 17.851 9.17472 7.72145 8.15852 6.41546 13.5918 5.21094 0 0 16.7582 7.70891 9.31813 12.2995 13.325 13.9527 4.44076 41.7014 71.3348 63.3051 

CO2trans [Kg]: 3525.87 2701.04 1881.95 1884.42 2702.51 1870.71 1466.13 1876.74 2693.79 3522.83 8931.33 7967.72 7044.64 7030.03 7053.69 7967.67 8961.58 8443.02 7963.86 6584.38 5262.65 8447.69 11524.6 9944.05 

CO2tot [Kg]: 3561.29 2727.6 1899.81 1902.1 2729.19 1888.56 1475.31 1884.46 2701.95 3529.25 8944.92 7972.94 7044.64 7030.03 7070.45 7975.38 8970.89 8455.32 7977.19 6598.33 5267.09 8489.39 11596 10007.4 


--------------------------------------------------------------------------------

CONGESTION AVOIDANCE (pesi = lamba usate) CON TASSO VARIABILE CON COSTO SWITCHING MODIFICATO

   
AR  	delay  	Pb	         PTot       PGreen  	PBrown 	       PTran	   ConnBlock	   ConnProv

150	0.005	6.03865e-007	778.932	  7.18833	  1.10009	  770.643	5	  8.28859e+006


PBloc: 0 0 0 0 0 0 0 0 0 0 0 0 0 0 0 0 0 0 0 0 0 0 3.89918e-007 6.03251e-007 

Green [kW]: 120.55 90.917 60.322 60.775 90.78 60.407 55.375 90.879 135.469 200.341 507.077 485.812 412.258 353.249 414.245 464.285 490.739 456.133 377.577 328.304 312.617 457.421 594.068 568.729 

Brown [kW]: 94.069 70.958 47.105 47.573 70.774 47.216 25.569 17.25 26.333 15.639 31.22 0 19.713 78.641 18.218 21.409 48.783 58.325 108.847 77.693 13.191 55.28 80.517 25.766 

Transport [kW]: 23915.5 20196.5 15667.2 15858.3 20160.4 15801.9 13133.1 15813.5 20136.9 23958.5 44941.5 41686.9 38251.8 38145.9 38288.2 41626.4 44932.3 43431.2 41636.2 36514.3 31321.3 43368.5 53310.4 48532.7 

EDFA [kW]: 22994.8 19471.3 15158.5 15343.8 19436.6 15290.2 12738 15300.4 19412.1 23034.5 42869.5 39799.8 36554.1 36451.2 36586.3 39740.5 42856.3 41444.3 39747.4 34909.8 30001.3 41386.3 50762.5 46262.5 

C02comp [Kg]: 21.4477 16.1784 10.7399 10.8466 16.1365 10.7652 5.82973 3.933 6.00392 3.56569 7.11816 0 4.49456 17.9301 4.1537 4.88125 11.1225 13.2981 24.8171 17.714 3.00755 12.6038 18.3579 5.87465 

CO2trans [Kg]: 5452.74 4604.8 3572.12 3615.69 4596.56 3602.83 2994.34 3605.49 4591.21 5462.54 10246.7 9504.6 8721.41 8697.27 8729.72 9490.82 10244.6 9902.31 9493.06 8325.26 7141.26 9888.02 12154.8 11065.5 

CO2tot [Kg]: 5474.19 4620.98 3582.86 3626.54 4612.7 3613.59 3000.17 3609.42 4597.22 5466.1 10253.8 9504.6 8725.91 8715.2 8733.87 9495.7 10255.7 9915.61 9517.88 8342.97 7144.27 9900.62 12173.1 11071.3 




CONGESTION AVOIDANCE (pesi = lamba usate) CON TASSO VARIABILE CON COSTO SWITCHING MODIFICATO


AR  	delay  	   Pb	        PTot	 PGreen  	PBrown 	     PTran	    ConnBlock	  ConnProv

200	0.005	5.67029e-005	959.72	  8.5185	  2.53526	  948.667	626	 1.1054e+007


PBloc: 0 0 0 0 0 0 0 0 0 0 3.04942e-006 2.75164e-006 2.33911e-006 2.03464e-006 1.79991e-006 1.77023e-006 3.9243e-006 3.54344e-006 3.37534e-006 3.15388e-006 2.99659e-006 3.2048e-006 5.40856e-005 5.66291e-005 

Green [kW]: 160.738 120.557 80.715 80.987 120.815 80.673 74.314 118.673 180.301 258.575 657.465 507.265 438.298 352.384 433.66 543.407 580.688 528.382 468.571 403.813 372.572 554.533 720.676 680.434 

Brown [kW]: 125.944 94.538 63.5 62.76 94.914 63.299 33.521 25.212 35.375 28.193 62.369 140.063 138.544 223.385 143.194 105.333 140.872 156.355 179.068 137.073 60.151 129.865 179.358 112.379 

Transport [kW]: 28777.1 23849.1 18894.5 18782.4 23975.4 18819.3 15795.6 18803.2 23881.3 28681 56140.1 51698.5 47350.1 47309.6 47347.3 51684.5 56267 54030.4 51675.8 45183.1 38275.2 53852.3 67103.4 60474.7 

EDFA [kW]: 27595.7 22928.3 18236.2 18126.8 23051.1 18162.7 15284 18147.8 22959.3 27501.7 53434.8 49244.4 45142.2 45106.7 45139.5 49228.2 53553.8 51446.7 49221 43101.5 36575.6 51269.1 63767 57515 

C02comp [Kg]: 28.7152 21.5547 14.478 14.3093 21.6404 14.4322 7.64279 5.74834 8.0655 6.428 14.2201 31.9344 31.588 50.9318 32.6482 24.0159 32.1188 35.6489 40.8275 31.2526 13.7144 29.6092 40.8936 25.6224 

CO2trans [Kg]: 6561.19 5437.59 4307.95 4282.4 5466.39 4290.8 3601.39 4287.12 5444.94 6539.26 12799.9 11787.3 10795.8 10786.6 10795.2 11784.1 12828.9 12318.9 11782.1 10301.8 8726.74 12278.3 15299.6 13788.2 

CO2tot [Kg]: 6589.9 5459.14 4322.43 4296.71 5488.03 4305.23 3609.03 4292.87 5453.01 6545.69 12814.2 11819.2 10827.4 10837.5 10827.8 11808.1 12861 12354.6 11822.9 10333 8740.46 12307.9 15340.5 13813.9

-------------------------------------------------------------


ENERGY-AWARE (1 e 0 nei link su DC) CON TASSO VARIABILE CON COSTO SWITCHING MODIFICATO

AR  	delay  	Pb	         PTot	  PGreen  	 PBrown 	   PTran	 ConnBlock	  ConnProv

150	0.005	0.000925242	454.69	  7.87994	  0.4008	  446.409	7681	        8.28092e+006


PBloc: 0 0 0 0 0 0 0 0 0 0 0.000344758 0.000432636 0.000429902 0.000430604 0.000424943 0.000467596 0.000576881 0.000626843 0.000642097 0.000618525 0.000590474 0.000620429 0.000843133 0.000926594 

Green [kW]: 143.295 107.871 71.418 72.284 107.985 71.597 60.51 87.491 134.966 199.871 507.832 485.429 431.792 431.702 432.298 485.307 538.748 513.897 486.031 405.882 325.789 512.188 672.456 593.304 

Brown [kW]: 71.324 54.004 36.009 36.064 53.569 36.026 20.434 20.638 26.836 16.109 29.787 0 0 0 0 0 0 0 0 0 0 0 0 0 

Transport [kW]: 11453 8855.19 6171.61 6246.09 8851.33 6180.64 4955.08 6361.35 9145.9 11872.5 28704.4 25892 22968.6 22939.1 23010.2 25820.8 28834.7 27418.5 25933.7 21645.7 17491.6 27286.5 36497.2 31865 

EDFA [kW]: 10745 8321.36 5818.18 5888.78 8318.94 5825.86 4688.28 6005.55 8612.43 11161 26931.2 24291.9 21545.5 21516.4 21584.5 24221.8 27056.9 25724.2 24331 20308.6 16416.7 25597.2 34273.3 29906.2 

C02comp [Kg]: 16.2619 12.3129 8.21005 8.22259 12.2137 8.21393 4.65895 4.70546 6.11861 3.67285 6.79144 0 0 0 0 0 0 0 0 0 0 0 0 0 

CO2trans [Kg]: 2611.29 2018.98 1407.13 1424.11 2018.1 1409.19 1129.76 1450.39 2085.26 2706.92 6544.61 5903.37 5236.83 5230.13 5246.33 5887.13 6574.3 6251.43 5912.87 4935.21 3988.09 6221.31 8321.35 7265.22 

CO2tot [Kg]: 2627.55 2031.3 1415.34 1432.33 2030.32 1417.4 1134.42 1455.09 2091.38 2710.59 6551.4 5903.37 5236.83 5230.13 5246.33 5887.13 6574.3 6251.43 5912.87 4935.21 3988.09 6221.31 8321.35 7265.22 


AR  	delay  	Pb	         PTot	   PGreen  	PBrown 	        PTran	     ConnBlock	  ConnProv

200	0.005	0.00298596	610.858	  9.06555	  1.95578	  599.836	33058	1.10215e+007


PBloc: 2.44173e-005 1.39504e-005 1.0836e-005 8.86369e-006 6.96193e-006 6.08992e-006 5.5676e-006 4.99586e-006 4.32944e-006 8.40511e-006 0.00109894 0.00145592 0.00151262 0.0015461 0.00158592 0.00172261 0.00199465 0.00212947 0.00217839 0.00212535 0.00203768 0.00214861 0.00276002 0.00299022 

Green [kW]: 191.213 143.315 95.981 96.186 118.125 95.725 80.958 110.02 179.893 258.621 657.362 622.595 502.251 523.533 502.267 613.129 669.275 597.499 538.797 467.782 413.087 499.068 576.115 512.751 

Brown [kW]: 95.462 71.78 48.234 47.561 97.604 48.247 26.877 33.865 35.783 28.138 59.613 22.855 73.533 51.217 73.496 33.811 49.324 84.921 107.087 72.363 19.477 182.901 316.235 275.4 

Transport [kW]: 14944.3 11444.1 8001.43 7990.6 11448.5 7951.82 6337.99 8231.44 11814.9 15451 39172.5 34946.2 30897.6 30833.5 30937.3 34945.9 39305.2 37030.8 34929.2 28878.8 23081.8 37051.3 50658.6 43541.2 

EDFA [kW]: 13998.5 10735.9 7526.02 7516.61 10737.7 7477.58 5982.44 7757.46 11105 14505.9 36797.7 32812.4 28996.7 28937.7 29036.5 32807.8 36922.9 34772.9 32794.7 27096.7 21656.5 34793.8 47663.5 40917.6 

C02comp [Kg]: 21.7653 16.3658 10.9974 10.8439 22.2537 11.0003 6.12796 7.72122 8.15852 6.41546 13.5918 5.21094 16.7655 11.6775 16.7571 7.70891 11.2459 19.362 24.4158 16.4988 4.44076 41.7014 72.1016 62.7912 

CO2trans [Kg]: 3407.31 2609.25 1824.33 1821.86 2610.25 1813.01 1445.06 1876.77 2693.79 3522.83 8931.33 7967.72 7044.64 7030.03 7053.69 7967.67 8961.58 8443.02 7963.86 6584.38 5262.65 8447.69 11550.2 9927.38 

CO2tot [Kg]: 3429.07 2625.62 1835.32 1832.7 2632.51 1824.01 1451.19 1884.49 2701.95 3529.25 8944.92 7972.94 7061.41 7041.7 7070.45 7975.38 8972.82 8462.38 7988.28 6600.87 5267.09 8489.39 11622.3 9990.17 